-764
-708
-975
-1238
-1421
-1631
-1517
-1633
-1433
-1317
-1176
-1135
-1209
-1099
-1057
-1311
-1370
-1366
-1625
-1506
-1840
-1768
-1871
-2111
-2182
-2354
-2358
-2447
-2435
-2557
-2435
-2427
-2593
-2753
-2799
-2633
-2627
-2430
-2196
-1949
-1789
-1784
-1566
-1412
-1195
-1147
-1026
-1045
-1176
-1033
-1002
-1095
-1075
-1121
-1041
-944
-979
-1045
-1270
-1410
-1413
-1230
-1073
-1016
-1072
-975
-942
-815
-653
-607
-741
-683
-658
-707
-487
-345
-276
-197
65
-246
-409
-217
-308
-392
-447
-335
-417
-277
113
315
367
646
514
495
447
219
249
125
23
179
273
187
276
456
252
137
13
-42
46
95
-13
71
107
-158
-204
-178
-241
-347
-585
-492
-337
-348
-183
111
137
-26
45
412
561
453
436
478
433
509
411
391
337
345
465
344
425
528
596
563
614
603
609
578
507
698
405
297
446
405
498
592
766
966
1002
1009
1307
1424
1451
1479
1270
1290
1272
1161
1180
1160
876
745
611
223
159
-167
-406
-696
-738
-704
-887
-693
-806
-828
-653
-497
-484
-579
-671
-400
-545
-673
-591
-732
-593
-707
-899
-1005
-757
-873
-1004
-909
-638
-542
-787
-627
-564
-511
-285
-79
160
206
263
255
290
424
337
32
-107
-61
54
386
372
437
425
373
440
352
322
403
370
333
285
47
133
160
189
188
431
865
819
1004
949
873
1048
1001
987
1042
883
1256
1217
1153
1275
1256
1103
1053
940
848
654
616
855
814
853
1050
1134
1040
1096
1182
1310
1375
1452
1495
1530
1616
1753
1860
1524
1499
1615
1259
1124
1014
1126
997
1042
1146
1027
991
975
1098
905
798
1012
1128
1270
1163
1241
1269
1244
1358
1327
1186
963
934
614
477
440
605
588
206
303
323
251
66
87
56
24
-97
56
69
-119
-208
-285
-252
-220
-271
-449
-642
-691
-724
-891
-1010
-1049
-1193
-1156
-1194
-1213
-1227
-1183
-1194
-1337
-1204
-1249
-1450
-1476
-1367
-1512
-1493
-1424
-1306
-1396
-1494
-1529
-1619
-1614
-1561
-1609
-1964
-2102
-2315
-2261
-2346
-2341
-2241
-2099
-2051
-1990
-1830
-1809
-1847
-1800
-1811
-1775
-1766
-1602
-1521
-1560
-1379
-1290
-1459
-1218
-1338
-1610
-1596
-1642
-1544
-1392
-1498
-1592
-1185
-1141
-1014
-1024
-838
-784
-925
-835
-773
-734
-618
-483
-714
-448
-536
-561
-468
-425
-300
-326
-319
-366
-306
-528
-534
-556
-466
-344
-73
-9
260
437
438
438
404
311
118
71
-44
199
313
445
766
899
1198
1147
1204
1162
1188
1264
1203
1397
1325
1295
1371
1317
1434
1350
1179
1109
844
606
678
699
720
563
682
665
473
334
337
208
271
328
407
581
482
583
424
533
496
480
510
572
608
687
874
1023
1105
1194
1373
1243
1345
1181
1150
1143
1184
1251
1193
1218
1263
1097
1209
1269
1170
1212
1150
1280
1255
1325
1412
1295
1403
1450
1434
1412
1263
1194
1078
791
644
556
311
50
155
306
264
226
208
70
-48
-85
3
-70
139
325
361
192
103
169
-62
-321
-434
-521
-723
-690
-655
-590
-634
-633
-656
-979
-1192
-1261
-1192
-1409
-1201
-1381
-1420
-1393
-1443
-1226
-1334
-1188
-1156
-1012
-1033
-1065
-803
-836
-957
-1021
-918
-855
-805
-546
-507
-665
-629
-601
-642
-542
-486
-299
-239
-163
-171
-216
-363
-412
-149
-137
-315
-142
-289
-299
-412
-433
-427
-425
-510
-670
-568
-438
-397
-513
-443
-584
-432
-586
-356
-193
-162
27
60
261
114
387
395
394
498
619
880
900
947
1045
922
921
984
1052
1282
1118
1275
1321
1433
1395
1393
1455
1628
1836
1768
1839
1696
1728
1604
1505
1344
1383
1544
1332
1211
1191
902
905
910
649
661
694
637
513
686
701
557
621
531
423
304
192
277
107
80
172
309
489
569
500
243
78
7
144
372
272
119
446
643
819
1016
1005
1063
1209
1220
1243
1131
827
576
299
247
205
365
100
18
128
107
88
248
371
426
605
757
685
524
584
392
287
92
100
-75
-444
-438
-612
-675
-682
-863
-880
-1016
-1262
-1345
-1375
-1287
-1006
-932
-977
-918
-718
-661
-696
-698
-687
-639
-515
-480
-296
-214
-246
-91
-283
-366
-396
-505
-498
-437
-372
-407
-80
-174
-362
-360
-333
-305
-352
-261
-158
-39
5
86
39
3
-14
85
331
298
541
513
571
596
657
661
486
363
204
53
-52
-309
-264
-262
-242
-141
-261
-250
-110
-76
9
74
-28
-115
-206
13
9
378
710
623
518
362
499
455
432
386
53
250
296
109
173
189
134
116
159
174
224
461
453
539
661
594
634
633
748
579
547
743
862
988
1034
1128
1237
974
900
815
610
585
547
385
201
-8
-225
-88
-197
-466
-502
-626
-995
-1055
-701
-610
-471
-314
-78
226
410
487
490
362
161
282
161
257
66
-35
64
29
-114
-192
-169
-223
-358
-454
-273
-414
-321
-359
-282
-267
-344
-608
-501
-357
-318
-182
-161
-47
-143
-96
-197
-196
-280
-443
-482
-581
-853
-1067
-1006
-1026
-1068
-981
-1130
-1123
-957
-777
-912
-903
-953
-882
-1027
-1040
-970
-1140
-1148
-1046
-1143
-1179
-953
-1128
-1202
-1219
-1324
-1229
-1258
-1373
-1344
-1546
-1551
-1463
-1432
-1558
-1542
-1718
-1773
-1672
-1521
-1466
-1275
-1028
-876
-573
-468
-312
-29
13
85
260
249
140
-149
-186
-325
-335
-411
-335
-289
-188
-195
-426
-322
-387
-303
-443
-196
-192
100
296
79
131
11
73
-33
26
-15
-21
-79
84
265
439
453
281
72
27
52
-108
89
370
394
466
381
488
493
469
479
548
762
888
895
888
997
1286
1436
1266
1140
989
1123
976
1108
1169
1246
1603
1752
1921
2296
2531
2733
2786
2608
2622
2593
2440
2483
2610
2569
2627
2457
2561
2582
2332
2233
2032
1789
1785
1554
1490
1479
1441
1619
1497
1421
1272
1329
1318
1246
1259
1222
1048
838
749
1048
897
624
561
296
232
11
-60
-94
-163
-421
-438
-491
-813
-950
-1162
-1391
-1445
-1828
-1785
-1770
-1743
-1679
-1807
-1846
-2064
-2021
-2083
-1908
-2032
-1971
-1948
-1967
-1965
-1870
-1870
-2028
-1945
-1899
-1638
-1537
-1366
-1290
-1461
-1307
-1280
-1260
-1126
-802
-644
-515
-159
-142
-151
-30
-208
-319
-476
-372
-516
-548
-512
-614
-447
-422
-151
-48
-27
-22
217
234
35
-235
-302
-360
-583
-514
-607
-768
-693
-484
-683
-759
-743
-761
-488
-431
-520
-400
-286
-95
17
-64
11
121
-140
-66
-191
-251
-161
-313
-221
-500
-284
-561
-430
-250
-428
-360
-423
-135
-2
521
701
730
1174
1206
1412
1506
1547
1347
1236
1377
1374
1333
1336
1460
1267
1267
796
601
451
239
435
283
296
320
430
463
270
139
-50
-99
-248
-62
-71
-70
93
129
57
-53
-41
-375
-599
-659
-786
-952
-983
-969
-1192
-1369
-1259
-1386
-1532
-1461
-1381
-1347
-1447
-1378
-1413
-1504
-1797
-1702
-1817
-1720
-1666
-1713
-1658
-1729
-1661
-1486
-1450
-1647
-1567
-1684
-1739
-1837
-1987
-2132
-2014
-1880
-1670
-1571
-1481
-1228
-1377
-1504
-1429
-1473
-1540
-1739
-1664
-1587
-1439
-1237
-1297
-1253
-1203
-1295
-1343
-1404
-1277
-1170
-1139
-1259
-1172
-1121
-1265
-1514
-1650
-1753
-1904
-1708
-1613
-1643
-1562
-1621
-1546
-1475
-1677
-1847
-1997
-2009
-1943
-2055
-2081
-1956
-1848
-1870
-1927
-2045
-1890
-1838
-1791
-1619
-1541
-1407
-1419
-1281
-1309
-1129
-982
-791
-660
-662
-375
-273
-238
-20
-10
60
93
100
195
309
564
420
597
928
1005
1217
1458
1793
1728
1525
1626
1644
1504
1751
1960
1925
1738
1774
1906
1738
1759
1731
1750
1743
1883
2029
1971
1882
1993
2051
2140
2389
2323
2218
2161
2120
2051
1979
1903
1742
1550
1664
1863
1735
1984
2260
2229
2193
2316
2275
2310
2316
2444
2373
2323
2631
2571
2707
2629
2762
2712
2485
2421
2394
2383
2155
2027
1807
1602
1343
1528
1436
1302
1338
1342
1432
1107
1139
868
554
494
444
289
256
9
-142
-254
-453
-406
-407
-363
-301
-320
-500
-527
-695
-724
-730
-696
-851
-801
-673
-1027
-1181
-1026
-820
-852
-967
-1050
-1047
-1148
-1034
-1054
-1088
-981
-1001
-947
-924
-845
-641
-637
-717
-725
-954
-1225
-1317
-1357
-1414
-1547
-1386
-1414
-1496
-1205
-1467
-1501
-1644
-1623
-1578
-1465
-1569
-1381
-1325
-1578
-1709
-1535
-1269
-1320
-1333
-1214
-1225
-1415
-1708
-1817
-1817
-2068
-1951
-1891
-1680
-1723
-1741
-1599
-1623
-1213
-946
-834
-803
-608
-353
-346
-351
-300
-516
-536
-422
-394
-366
-437
-335
-194
30
54
117
-71
-36
131
303
440
597
707
972
984
1038
1030
884
999
912
882
839
765
975
959
989
822
786
645
511
703
746
801
566
483
90
-2
-124
-207
-159
-385
-384
-551
-464
-555
-610
-700
-610
-471
-408
-199
-162
-106
-260
-89
-255
-420
-557
-536
-420
-554
-624
-678
-799
-901
-995
-795
-690
-624
-234
61
-178
-47
-62
-140
-238
-132
-43
-320
-354
-449
-370
-310
-264
-132
-239
-386
9
63
94
203
147
143
53
0
28
-66
-219
19
59
39
106
335
280
413
645
410
531
279
245
278
58
284
142
75
168
261
49
-47
-14
-60
-113
-84
-78
40
-93
-370
-289
-308
-319
-173
-169
-127
-104
197
186
408
607
616
566
529
596
565
518
555
617
524
454
494
439
182
95
-31
212
385
648
492
599
820
641
696
1073
1362
1299
1165
1133
1321
1222
1175
1219
1151
1211
1268
1256
1338
1070
965
993
672
653
681
791
763
659
921
1105
1212
1090
1218
1314
1361
1256
1432
1572
1636
1549
1471
1566
1716
1711
1372
1338
1346
1555
1623
1639
1652
1807
1829
2010
1905
1929
2154
2058
2066
1943
1871
1923
1695
1704
1718
1591
1615
1739
1674
1412
1495
1196
1034
1114
1144
1213
1137
964
901
751
823
906
830
745
717
886
450
499
573
701
572
565
749
692
791
658
660
602
460
318
204
72
55
-57
-132
-132
-89
-138
-249
-160
-226
-401
-615
-636
-690
-943
-917
-785
-750
-893
-1157
-1150
-1302
-1501
-1669
-1731
-1964
-1815
-1943
-1707
-1669
-1521
-1359
-1368
-1261
-1216
-1072
-1006
-1053
-1203
-1311
-1613
-1700
-1837
-1710
-1887
-1960
-1680
-1598
-1695
-1759
-1731
-1902
-1806
-1669
-1581
-1504
-1297
-1109
-1085
-1103
-1080
-953
-839
-735
-780
-929
-948
-924
-840
-845
-853
-871
-1040
-986
-841
-637
-477
-330
-233
-387
-186
-117
-162
-150
-268
-370
-567
-495
-592
-430
-633
-651
-509
-664
-712
-989
-850
-710
-813
-561
-456
-310
-25
55
164
129
315
507
658
705
909
933
1057
1230
1494
1659
1449
1547
1479
1660
1711
1706
1619
1503
1384
1497
1339
1071
1113
963
934
895
1065
976
1017
846
815
1053
1003
1138
1173
1296
1224
1289
1403
1430
1500
1435
1480
1361
1201
949
877
879
1004
1211
1028
1175
1090
1145
1232
1372
1280
1264
1402
1315
1274
1403
1477
1327
1473
1484
1453
1444
1476
1502
1366
1252
1351
1416
1523
1545
1231
1006
986
1030
1056
1171
1424
1610
1366
1287
1298
1277
1164
1020
870
905
649
532
557
405
232
128
107
-25
-9
-214
-204
-113
-198
-117
-248
-200
-267
-119
-57
-204
-390
-589
-451
-570
-663
-591
-620
-718
-1002
-952
-812
-938
-961
-1136
-981
-905
-818
-558
-590
-610
-617
-755
-864
-1033
-1076
-1067
-986
-712
-713
-560
-814
-815
-875
-1159
-1129
-1055
-978
-779
-690
-415
-218
-11
161
-22
-19
-282
-332
-395
-403
-353
-154
25
-68
52
101
124
87
0
104
75
-38
108
397
412
335
265
164
144
247
185
202
284
317
632
592
822
754
732
593
574
493
353
484
495
477
400
335
420
286
235
274
77
215
158
431
451
534
643
646
715
594
593
250
200
72
172
170
-15
-50
22
-30
-83
-217
-297
-329
-481
-71
86
63
232
112
-5
39
-38
-37
-192
-254
-250
-395
-317
-499
-473
-477
-534
-618
-701
-1002
-1169
-738
-820
-506
-490
-619
-428
-410
-403
-220
-253
-79
50
-152
-7
116
269
427
447
553
562
504
457
284
185
257
119
-69
-41
46
78
-66
-222
-605
-798
-1031
-1123
-1334
-1293
-1346
-1352
-1298
-1281
-1108
-979
-1031
-1259
-1429
-1293
-1192
-1231
-902
-965
-703
-886
-990
-1096
-1114
-1123
-1204
-886
-1046
-859
-535
-827
-813
-801
-848
-685
-723
-333
-212
-258
-60
25
-85
4
14
-39
-5
69
244
440
380
422
580
655
652
605
432
397
419
350
276
204
383
245
368
420
264
374
117
117
291
332
528
729
659
617
728
624
685
760
768
806
631
748
703
518
744
760
740
753
872
824
838
637
502
803
888
1045
1097
962
1086
1384
1702
1688
1805
1858
1898
2223
2052
2185
2075
2027
1971
2027
2086
1941
2058
2007
1849
1661
1704
1631
1991
2003
2105
2230
2198
2332
2092
2208
2037
2044
2072
1934
1970
1805
1794
1559
1261
1153
810
736
635
667
903
890
828
883
716
508
444
410
113
42
73
-130
6
-20
-50
-97
-352
-404
-537
-647
-737
-782
-864
-1041
-1164
-1273
-1184
-1422
-1250
-1472
-1687
-1374
-1378
-1337
-1266
-1297
-1352
-1419
-1301
-1608
-1803
-1856
-1800
-1859
-1991
-2096
-2222
-2317
-2328
-2609
-2928
-3181
-3311
-3568
-3715
-3536
-3518
-3333
-3407
-3209
-3137
-3182
-3258
-3011
-2854
-2891
-3006
-3243
-3038
-2898
-2910
-2849
-2602
-2749
-2509
-2639
-2419
-2201
-2190
-2018
-2173
-1798
-1519
-1422
-1087
-1049
-1041
-935
-612
-608
-392
4
-107
232
212
367
473
259
441
668
691
687
798
712
910
949
973
1010
1387
1401
1367
1528
1615
1619
1277
1574
1735
2042
2197
2034
2018
2088
1923
1922
2053
2200
2201
1960
1918
1643
1372
1372
1289
1336
1166
1259
1428
1341
1509
1161
1077
965
582
528
208
124
-95
-147
-73
-313
-632
-995
-1372
-1651
-2063
-2254
-2527
-2988
-2912
-2923
-3170
-3353
-3432
-3671
-3840
-4375
-4652
-5015
-5136
-5345
-5430
-5472
-5766
-5687
-5584
-5587
-5719
-5785
-5648
-5562
-5493
-5245
-5081
-4828
-4817
-4767
-4526
-4430
-4270
-4148
-3719
-3481
-2897
-2248
-2173
-1827
-1629
-1241
-1076
-799
-347
-12
455
831
1550
2071
2658
3294
3741
4101
4745
5561
5924
6522
6977
7318
7779
8238
8706
9103
9318
9580
9611
9383
9274
9023
9207
9227
9346
9511
9256
9046
9026
8790
8418
8092
7649
7559
7319
6930
6737
6162
5533
4698
4000
3489
2830
2357
1757
1292
904
363
-67
-662
-1169
-1497
-1971
-2167
-2697
-2958
-3066
-3250
-3330
-3781
-4209
-4584
-5054
-5334
-5712
-6137
-6549
-7177
-7480
-7880
-8417
-8936
-9536
-9836
-10268
-10804
-11443
-11790
-12448
-13563
-14094
-14626
-14872
-15272
-15387
-14569
-13048
-12182
-12226
-13077
-13674
-12688
-10989
-9147
-7796
-6997
-6888
-6773
-5725
-3791
-1999
-772
916
3497
5468
6806
7779
9190
10397
12190
14204
15683
17028
17611
19036
19967
20470
19798
19127
19380
19921
20622
20292
19054
17182
15442
14801
14404
13846
12752
11539
10465
9623
8475
7095
5701
4155
3056
2317
1855
1249
598
68
-242
-533
-1126
-2450
-3130
-2900
-2134
-1335
-875
-899
-1189
-1431
-1695
-1621
-1491
-1318
-793
206
873
874
360
-234
-870
-1076
-1582
-1599
-1666
-1533
-1021
-646
-1247
-2265
-3060
-3617
-3643
-3518
-3484
-3897
-4127
-4581
-4856
-5136
-5899
-6391
-6363
-6659
-6990
-7257
-7865
-8665
-9425
-10242
-11544
-12528
-13178
-13998
-14735
-15658
-16530
-17432
-17712
-17515
-17595
-17682
-18749
-19253
-19592
-18765
-17983
-17495
-17073
-16832
-16137
-15883
-14685
-13108
-11793
-9942
-7826
-5595
-3865
-2298
-633
1085
3314
4992
7339
9161
10918
12392
13860
15017
15085
15221
15567
16498
17146
17417
17067
15599
14644
14088
13710
13198
12153
11350
10532
10105
9603
8817
6895
5485
4165
3478
3059
2134
1560
1056
1015
496
492
201
357
238
517
1086
1297
2002
2628
3020
3327
3552
3645
3818
4522
4925
5664
6273
6423
6555
6143
6108
5542
5233
5085
5312
5793
5505
5254
4722
3885
2883
2007
1113
261
-11
-247
-672
-1416
-2304
-3238
-4032
-4740
-5365
-6103
-6975
-7328
-7558
-8397
-9401
-10651
-12088
-13481
-14552
-15752
-16421
-17352
-17983
-17756
-17480
-17956
-19456
-20456
-21200
-20164
-19144
-17955
-17290
-17033
-17029
-17135
-16434
-15204
-13508
-11942
-9434
-6478
-4250
-2511
-860
977
3691
5864
8792
11013
13505
15602
17921
19707
20128
20154
20405
21429
22442
23214
23122
22410
20787
19844
19249
18349
17115
16096
14973
14343
13385
12575
11186
9587
7787
6469
5431
4296
3108
1916
1383
563
149
-581
-1298
-1770
-1703
-1525
-533
419
907
993
506
569
669
1262
1946
2790
3462
3737
3624
3932
3855
3812
3523
3539
3688
3706
3916
3813
3825
3569
3153
2622
2024
963
689
476
193
-587
-1343
-1813
-2210
-2725
-3296
-3711
-4455
-5065
-5351
-5652
-5851
-6001
-6424
-7196
-8120
-9387
-10795
-11969
-13531
-14982
-16032
-16841
-17433
-17500
-17591
-18169
-19770
-21309
-22316
-21182
-20069
-19305
-18979
-18434
-18860
-19514
-18688
-17345
-15790
-14403
-11912
-9327
-6976
-5245
-3393
-934
1723
4090
7171
9690
12488
14773
17460
19025
20097
20733
21590
23155
23834
24376
23691
22870
21827
21101
20738
20128
19006
17749
16610
15779
14938
13755
11947
10320
8590
7247
6366
5391
4439
3565
2896
2071
1274
148
-647
-1088
-850
-488
116
381
755
1174
1750
2319
1999
1940
2171
3523
4754
5725
5748
5797
5508
5028
4927
4779
4687
4596
5355
5633
5152
4362
3291
2275
1671
1046
729
238
-156
-456
-724
-1524
-2399
-3295
-4007
-4357
-4539
-4535
-4996
-5658
-6480
-7371
-8110
-9293
-10612
-11755
-13162
-14322
-15534
-17215
-19302
-21823
-23812
-25608
-26256
-26606
-26287
-26985
-29291
-31102
-31624
-30968
-30191
-28635
-27869
-27037
-27391
-26416
-24357
-22134
-20155
-17804
-14852
-12058
-9732
-7061
-4416
-924
2295
5728
9231
12078
14865
17093
20307
21768
22984
23956
25577
27095
28320
29266
28871
27409
25863
24993
25173
24704
23993
23075
21956
20393
18836
17126
15024
13194
11399
10486
9475
8974
7707
6918
5500
4122
3007
1926
1251
965
1193
1389
1923
2169
2242
2305
2903
3562
4206
4430
4485
4819
5510
6262
6475
6255
5817
5539
5114
4967
4951
4973
5080
5582
5870
5676
5002
4299
3835
3700
3544
3915
3957
3515
2992
2699
2246
1368
885
918
929
1160
1121
748
-107
-1323
-2468
-3526
-4788
-6129
-7361
-8956
-10724
-12909
-15636
-18773
-21754
-24645
-26041
-26652
-25941
-26246
-28447
-30820
-32428
-32090
-31433
-30522
-30595
-29743
-29525
-28706
-26912
-24532
-22750
-21553
-19138
-15769
-12614
-9676
-6674
-2584
1601
5232
8861
11801
14572
16980
20274
22739
24795
25846
27223
29182
30658
31397
30644
29621
28154
27496
27720
27635
26760
25166
23773
22338
20648
18869
16619
14918
13253
12006
10820
9793
8137
6539
4991
3363
1727
457
-238
-792
-818
-1070
-782
-885
-1192
-1294
-1206
-823
-545
-361
-168
-103
62
276
205
191
331
107
25
-174
42
-261
-18
431
936
1413
1219
1229
1347
1628
1787
2520
3031
3091
3333
3456
3117
2648
2026
1819
1840
1924
1658
1269
571
-582
-1452
-2525
-3626
-4920
-6354
-7916
-10049
-12023
-14362
-17318
-20030
-22752
-24668
-26683
-27856
-27952
-27657
-28657
-30520
-32225
-32320
-32249
-31154
-30171
-29176
-28924
-28519
-26794
-24288
-22254
-20313
-17074
-13791
-10031
-6787
-3300
-59
3428
6711
10671
14035
16836
19346
22013
24674
26717
27726
28713
29622
30640
31614
31618
30664
29327
27937
27082
26854
26037
24818
23181
21782
20220
18740
17104
15176
12717
11230
9992
8565
6928
5257
3736
2268
992
-203
-1225
-2375
-3179
-3309
-3308
-3236
-3214
-3207
-3121
-2676
-2168
-1906
-1790
-1618
-853
-187
204
11
-208
-114
-234
-505
-570
-599
-562
54
758
1301
1346
1183
1067
1288
1444
1182
1328
1382
1383
1700
1785
1396
789
501
523
260
101
-961
-1676
-2443
-3232
-4267
-5809
-7775
-9762
-11484
-13217
-15468
-18112
-20677
-23028
-24645
-26837
-29226
-30904
-30321
-29433
-29145
-30226
-31705
-32426
-32007
-30653
-29544
-28363
-28088
-27354
-26230
-24051
-21412
-18858
-16408
-13342
-9346
-5679
-2475
695
4079
7813
11707
15209
17944
20039
22439
24820
27504
28863
29210
29736
30840
32010
32384
31794
30569
29044
28214
28067
27370
26592
25207
23619
22324
20897
19017
17008
14561
12717
11268
9888
8389
7012
5214
3702
2269
845
-671
-1919
-2462
-3092
-3113
-2907
-2705
-2641
-2917
-2776
-2501
-2381
-1933
-1727
-1383
-1047
-411
46
232
240
34
-176
-685
-614
-234
424
1275
1896
2647
2795
2597
2406
2541
2900
3280
3487
3765
3874
3851
3871
3525
2858
2371
2073
1832
1411
826
209
-926
-2370
-3817
-5296
-6888
-8651
-10667
-12763
-14971
-17426
-19851
-22058
-24781
-27109
-28832
-29287
-29208
-28962
-29554
-31149
-32154
-32167
-30852
-29895
-29052
-28896
-28058
-26855
-24942
-22900
-20537
-18078
-15541
-12403
-9018
-6089
-3255
-189
3582
7291
10337
12938
15146
18016
20528
23193
24821
25852
26581
28009
29550
30314
29671
28531
27015
26471
25823
25548
24740
23407
21830
20432
19415
17662
15535
13152
11410
9452
8045
6313
5037
3330
1861
517
-817
-2623
-4244
-5103
-5394
-5583
-5386
-4999
-4608
-4047
-3759
-3196
-2818
-2337
-2259
-1968
-1202
-594
-62
438
800
1113
1174
927
942
1191
1927
2409
3195
4106
4516
4496
4555
4636
4752
4823
5116
5486
5534
5555
5408
5243
4578
3972
3576
3197
2634
1900
1246
238
-1061
-2422
-4021
-5785
-7743
-9698
-11845
-14204
-16583
-19017
-21345
-23627
-25552
-26649
-27094
-27689
-28469
-30254
-31402
-32261
-31501
-30722
-29827
-30143
-30446
-29180
-27455
-25074
-22881
-20062
-17727
-15117
-11792
-8351
-5337
-2372
837
5659
9437
13120
15685
18811
21410
23840
25974
27243
28228
28829
30746
31993
32299
31107
29835
28847
28453
27843
27158
26138
24943
23796
23038
21768
19846
17201
15272
13191
11614
9711
7838
6264
4565
3240
1509
84
-1795
-3091
-4343
-4956
-5214
-5247
-5122
-4758
-4224
-3675
-3497
-3621
-3922
-3637
-3142
-2552
-1969
-1583
-1199
-1079
-975
-874
-863
-812
-284
589
1791
2501
3058
3013
3025
3276
3472
3570
3237
3195
3290
3743
3490
3158
2621
2238
2172
2199
2099
1248
91
-1097
-1983
-3126
-4634
-6311
-8598
-11075
-13322
-15225
-17447
-19859
-22296
-24543
-26512
-28144
-28810
-28312
-28529
-30216
-31824
-32327
-31008
-29785
-29302
-29565
-29506
-28701
-27618
-25189
-22196
-19204
-16522
-13849
-10078
-6977
-4114
-1439
2362
6847
10384
13827
16685
19842
22416
25058
27027
27809
27845
28566
30830
32302
32296
31017
29712
28544
27718
27465
26641
25180
23335
22250
21425
19963
18043
15692
13804
11698
9759
7838
6104
4283
2912
1715
401
-1093
-2597
-3630
-4034
-4324
-4856
-5021
-4532
-3835
-2988
-2305
-2501
-2644
-2587
-2103
-1458
-1174
-1049
-614
25
539
818
979
1182
1723
2388
2948
3239
3314
3617
4055
4352
4028
3600
3132
2849
2521
2186
1707
927
673
391
171
-270
-1094
-1789
-2681
-3524
-4680
-5858
-7054
-8530
-10079
-12336
-14556
-17020
-19368
-21464
-23277
-25204
-26912
-28297
-29076
-29246
-30071
-31486
-32412
-31848
-30760
-30117
-29881
-30168
-29673
-28753
-27162
-24530
-21765
-18986
-16570
-13439
-10127
-6981
-4187
-1127
2971
7076
10891
13640
16547
19254
21515
23869
25617
26670
27358
28611
30032
30921
30612
29568
28603
27925
27325
26614
25871
24701
23282
22196
21234
19875
17658
15678
13767
11789
9657
7702
5956
4460
3166
1885
627
-878
-2171
-2962
-3239
-3814
-4013
-3908
-3462
-2601
-1653
-753
-603
-971
-1141
-521
160
257
552
770
1170
1234
1397
1633
1499
1534
1756
2269
2449
2438
2934
3556
3915
4050
3965
3822
3780
3642
3836
3473
3004
2524
2527
2698
2308
1713
599
-339
-1539
-2397
-3635
-5147
-7194
-8874
-10586
-12880
-15604
-17992
-19773
-21999
-24433
-26375
-27137
-27752
-28459
-29379
-30542
-30877
-30553
-29965
-29837
-30287
-30269
-29308
-27402
-24729
-21497
-18619
-15689
-13239
-10033
-6704
-3787
-887
2683
7396
11721
15131
17576
20490
23468
25763
27297
28161
28907
29677
31119
32385
32254
30837
29363
28896
28526
27300
25601
23994
22615
21308
20246
19160
17071
14367
12334
10995
9313
7155
4981
3725
2884
2151
1160
177
-1121
-2000
-2378
-2499
-2890
-3447
-2953
-2097
-877
-601
-405
-358
-15
657
1140
1400
1213
998
1423
1672
1397
1068
952
1689
1829
1511
800
-124
-5
2
12
-458
-1352
-1288
-1223
-1551
-2911
-4775
-5971
-6407
-6458
-6785
-7847
-8996
-9832
-11081
-13023
-15514
-17961
-20241
-22578
-25280
-28149
-30284
-31446
-31700
-30904
-28887
-26523
-25315
-25857
-26513
-25346
-22848
-19900
-16852
-14754
-13282
-12541
-11017
-8557
-5680
-2340
1525
6948
11130
13755
14633
15732
17615
19734
21447
22303
23353
23830
23565
22061
20111
17945
16447
15596
13814
10770
6513
3374
1204
140
-601
-944
-307
0
379
119
785
1490
2561
3542
4464
5491
6233
7622
9285
11023
12453
13857
15079
16215
17023
17430
18105
18117
18149
17447
16687
16504
16708
16587
14477
11960
9519
8100
6507
4871
3320
1875
386
-1725
-3495
-5039
-5646
-5885
-5628
-5127
-4899
-4734
-4584
-4451
-4377
-4383
-4573
-4689
-5080
-5139
-5296
-5422
-5932
-6838
-7718
-9390
-11420
-13866
-16607
-19044
-21836
-23426
-23609
-24144
-26689
-30026
-31963
-31328
-30118
-29517
-27322
-24431
-22834
-22609
-20751
-16888
-13474
-10837
-7855
-4724
-3556
-3342
-1403
2161
5182
7194
10774
14139
16913
17788
18772
19168
19064
18457
18142
17459
16319
15255
13921
12263
9329
7032
5037
2651
-130
-3029
-4911
-6631
-8394
-9529
-9330
-8111
-6066
-3910
-1860
483
2470
4891
6762
8644
10040
11551
12940
14118
15082
16293
17243
18300
19580
20803
21308
21470
20901
20853
19374
18383
16889
15877
15312
14603
13083
11017
9210
7986
6628
4774
3309
1927
286
-1435
-2928
-3331
-3813
-4144
-3373
-2445
-1397
-1209
-1143
-1239
-1432
-1902
-2604
-3422
-3961
-4575
-4948
-5540
-6507
-7011
-8134
-9866
-11942
-14456
-16913
-20083
-23085
-24482
-25513
-27710
-30614
-32286
-31642
-30884
-30003
-27739
-24174
-22487
-21949
-19803
-15585
-11656
-9017
-5211
-1902
-247
352
2435
5368
7051
8852
11125
13962
16277
18597
20565
22042
22228
22088
21421
19838
18033
16734
15193
12760
10664
9182
7566
5326
3034
1408
-1114
-3822
-6819
-8312
-9511
-9711
-8914
-7328
-5505
-3797
-1175
1491
3969
5692
6766
7583
8197
9033
9290
9683
10481
11661
12682
13918
15549
16842
17449
17229
17089
16425
15534
14593
14164
12908
10887
9238
8379
7512
6515
5869
5124
4053
2699
1253
-410
-2557
-3770
-4100
-4182
-4254
-3620
-2455
-1327
-1272
-1513
-2304
-3505
-4951
-6399
-7683
-9080
-10141
-10631
-10733
-11177
-11662
-12531
-14782
-17401
-21131
-22757
-24407
-26766
-28556
-31667
-32003
-31995
-30014
-27465
-24583
-20636
-19594
-18021
-17156
-13539
-10589
-8249
-5354
-4033
-1048
-2057
1266
3102
6695
8617
10219
13845
15283
16948
17071
18378
18957
18525
17949
16940
17170
15438
15013
12864
12059
9988
7946
6047
4314
2893
603
-2146
-3924
-4900
-5309
-5062
-4138
-3017
-1693
-1009
731
2365
4023
5197
5670
6400
6636
6758
6625
6698
6931
7383
8112
8792
9692
10311
11334
11691
11910
12311
12117
12578
12287
11986
10758
9371
8539
8478
8434
8190
7806
7037
6467
5360
4405
2935
1905
1333
972
910
809
863
952
1006
612
-175
-1452
-2630
-3730
-5263
-6646
-8299
-9556
-10784
-11829
-12433
-13641
-15227
-17078
-18926
-20981
-24210
-26676
-29945
-31430
-31671
-30350
-28666
-26801
-22525
-20074
-18113
-17247
-13997
-9810
-7726
-5934
-5760
-3572
-4787
-4026
-2245
1302
4012
5278
9286
12509
15377
15497
16657
18094
17955
16869
15248
15642
14327
13807
12350
12756
12304
11399
10526
10234
9926
7935
5007
2072
375
-867
-1500
-1270
-989
66
1097
3400
5220
6932
7949
8003
7643
6712
5729
4201
2972
2482
2795
3500
4207
5712
7123
9076
9916
11255
11820
11665
11081
10094
9424
8074
6857
6103
6090
6435
6825
7108
7248
6991
6258
5286
3758
2204
810
-372
-1275
-1618
-1430
-850
-592
-48
45
-530
-1524
-2845
-4200
-6402
-8785
-10431
-11787
-12910
-14053
-14896
-15603
-16825
-18049
-20482
-23066
-26424
-28317
-29482
-30156
-28935
-26895
-23415
-22033
-20198
-17638
-14016
-9908
-7583
-4937
-4812
-4079
-4941
-4222
-3149
-1701
588
2627
6820
9524
12372
13607
15195
16868
16768
15971
14075
13199
11103
9287
7422
6813
6253
5520
6029
6765
7593
6677
5109
3476
2140
871
-55
-355
-477
394
1808
4302
6733
8887
11098
12424
13301
12989
12232
10549
8492
6849
5917
5214
4710
4972
6288
8102
9455
10519
11806
12553
12520
11272
9582
7964
5414
3387
1913
1406
1250
1328
2634
4072
4922
4778
5032
4618
3524
1341
-644
-2379
-3935
-4867
-5487
-5447
-5104
-4957
-4683
-4980
-5635
-6323
-7984
-9801
-12196
-14627
-16722
-18645
-19984
-21511
-23697
-25804
-27014
-26931
-25877
-24573
-22722
-20594
-17726
-16955
-17011
-15802
-12142
-8050
-6891
-5278
-3952
-2236
-2647
-1683
855
2544
3414
4885
9017
10842
11127
11201
13055
14106
12914
12339
11692
11043
8611
6771
5188
3608
1573
269
465
801
1020
247
-108
-413
-152
265
670
1074
1443
2636
4373
6584
8509
10113
11734
13136
14123
13872
13642
13048
11995
11000
9851
9103
8305
8043
8422
9348
10111
11314
12233
12734
12292
11515
10793
9160
7940
6534
5419
4340
3806
3967
4438
4777
5028
5672
5806
5696
4668
4014
3044
1816
348
-1074
-2497
-3592
-4642
-5622
-6704
-7912
-8920
-10456
-11824
-13587
-15133
-17114
-19266
-21495
-23866
-26076
-29278
-31154
-31521
-29416
-27541
-25609
-21277
-17295
-14864
-14200
-10682
-5777
-3347
-3185
-2902
-1067
-2010
-3783
-3128
-130
1716
2297
6192
11087
14274
14932
16831
19442
19258
16911
14559
13242
10651
7402
4285
2464
764
-1193
-1438
-1063
-616
-1440
-2680
-3659
-4542
-5120
-5699
-5990
-6334
-5341
-3303
-648
2661
5755
9368
11864
13662
14297
14400
14059
12650
11255
9582
8160
6698
6473
6692
7781
8719
9984
11894
13286
13957
13378
12683
11049
9158
6810
4484
2803
1512
1296
1533
2718
3934
5537
6924
7953
8258
7443
6346
4726
2965
579
-1747
-3711
-4945
-5873
-7041
-7861
-8768
-9804
-11630
-13675
-15913
-18605
-21188
-23087
-25410
-28048
-30930
-32060
-30877
-28647
-26277
-24008
-19821
-15873
-13455
-10702
-7170
-3460
-2170
-1850
-1178
-1014
-1836
-2846
-1072
854
2664
4195
7895
11967
14198
16269
18000
20092
19600
18308
16828
15227
12192
8396
5513
3070
1185
-692
-1211
-1141
-1217
-1387
-1583
-1639
-2051
-2687
-3386
-4276
-5154
-5333
-4568
-3136
-866
2085
5383
8228
10688
12756
13722
13895
13260
12431
11116
9297
7165
6336
6090
5971
6340
7257
8781
9572
9762
10020
9816
8366
6488
4571
2663
474
-1441
-1973
-1434
-585
765
2660
4669
6347
7423
8005
7956
6848
5256
3271
1056
-1390
-3504
-4865
-6136
-6866
-7752
-8432
-9123
-10092
-11973
-14542
-17923
-21420
-25647
-30055
-31934
-31865
-30590
-30105
-27526
-22785
-18547
-15676
-12256
-5978
-1714
32
286
1323
630
-2131
-2692
-1457
429
29
2342
6949
11506
13733
16167
19719
21541
21369
19646
18776
15925
11704
7323
3974
1363
-1337
-2555
-3021
-2589
-2582
-2057
-1365
-1002
-455
-200
-433
-1626
-2486
-2573
-2495
-1630
-451
2339
4631
7001
8979
11429
13586
14318
14622
14317
14318
12801
11258
10198
9209
7950
6891
7692
8670
8836
8155
8123
8104
6999
5232
3545
2083
163
-1836
-3103
-3453
-3415
-3089
-1648
302
2245
3391
4664
5670
5924
4850
3061
1195
-778
-2799
-5115
-6823
-8177
-9085
-10478
-11323
-11741
-12841
-14826
-17874
-21270
-24966
-27110
-27492
-27063
-27534
-26444
-23868
-20444
-17082
-12368
-5690
-770
1941
3185
4893
4323
1974
710
1189
2081
1193
2760
5942
9631
11811
14443
18396
20401
20959
19931
19558
17065
13222
8094
3693
169
-3338
-5511
-6817
-6708
-7095
-7070
-6310
-4890
-3667
-2979
-2583
-2394
-2542
-2671
-2676
-2278
-1729
-494
1184
3341
5541
7818
10409
12124
13457
13892
14704
14217
13472
11942
11099
10506
9661
9080
8636
9000
8668
8430
7495
6936
5393
3388
1542
202
-1056
-3057
-3772
-3466
-2793
-2782
-2009
-491
951
1402
1668
2004
1213
-406
-2516
-4015
-5934
-8130
-10472
-11947
-13640
-15095
-16672
-17828
-19624
-21716
-24481
-26962
-28016
-28125
-26681
-27248
-26123
-24535
-21564
-18365
-15609
-9768
-5728
-1719
-157
2732
4085
3340
3198
3539
5737
4711
5572
7322
11035
13151
14981
18191
21016
22574
22227
22679
21255
18103
12995
8274
4404
57
-3413
-6462
-7771
-8370
-8437
-7759
-6638
-5327
-4789
-4266
-4239
-3935
-4032
-3989
-3093
-2544
-897
-77
1692
3590
6144
8443
10496
12389
13714
14907
15260
15126
14409
13888
13350
12668
11351
11220
11119
11141
10381
9795
9297
8003
6426
4897
4196
2361
489
-642
-395
-398
-999
-568
1013
2565
2572
3081
3602
3683
2160
443
-1074
-3069
-5478
-8029
-10014
-11761
-13611
-15534
-17274
-19139
-21832
-25025
-26611
-25702
-24177
-24665
-25296
-23664
-21018
-19180
-17167
-12427
-7694
-5625
-4302
-1104
1656
1399
439
2401
5047
5257
5293
7819
11612
13239
14904
18207
21556
22572
22601
24076
24344
21994
17309
13756
10467
6173
1849
-1568
-3853
-6382
-7735
-7731
-6655
-6269
-6139
-5730
-5037
-5184
-5441
-5426
-5341
-5265
-5140
-4091
-3021
-1553
357
3062
5396
7103
9148
10956
12024
12671
12798
12728
12218
11761
11596
10792
10055
9515
9345
8898
8231
7684
7141
6524
5424
4525
3130
1868
1004
613
66
-568
-357
476
1054
1161
1750
2418
2378
1457
504
-449
-2706
-5496
-8082
-10215
-12814
-15780
-18284
-20519
-22801
-25481
-26252
-25433
-24142
-24158
-23453
-20916
-18456
-16945
-15683
-11875
-8325
-6638
-5628
-4677
-2946
-3745
-3391
-2109
217
1412
2391
6277
9989
13169
14710
18273
21236
22818
22785
22931
22906
20346
17119
13770
11397
7579
4225
1576
30
-1706
-3273
-3611
-3616
-3533
-4295
-4394
-4558
-5000
-5314
-5437
-5023
-4977
-4464
-3803
-2858
-1570
-308
1175
2435
4188
5856
7208
7786
8063
8758
9022
8838
7978
7645
7240
6399
5428
4874
4553
3783
3167
2887
3156
2840
2494
2349
2795
2472
1506
626
677
776
198
-47
280
672
577
213
199
-198
-1140
-2537
-3988
-5591
-7756
-10037
-12538
-15348
-18232
-22301
-25083
-26573
-25159
-23779
-23523
-21388
-19325
-15986
-14740
-11417
-6797
-4406
-3421
-4321
-2676
-3463
-4952
-5316
-3708
-1667
-1620
1071
4765
8929
10738
13745
17794
20095
20427
20404
21735
20649
17628
13934
11591
8783
5001
2472
1011
285
-1438
-1875
-1655
-1168
-1163
-1847
-1718
-2769
-3431
-4635
-5008
-4892
-5161
-4207
-3795
-1839
-717
1776
3370
5011
6686
7970
9615
9304
9718
9517
9380
8504
7757
7518
7034
6062
5257
4947
4362
3583
2381
2216
1862
1545
702
800
1149
989
559
451
1295
1466
1394
1366
1994
1843
1125
209
-200
-1024
-2519
-3841
-5142
-6073
-8098
-10257
-12988
-15160
-18351
-20871
-21109
-20551
-19777
-20908
-19064
-15995
-13495
-10876
-7687
-2013
222
1139
1454
2194
1802
-802
-1273
-1090
-353
-680
998
4986
7786
10045
12796
17484
20192
21199
21947
22765
21233
17092
13636
10918
7846
3794
1170
30
-612
-1356
-1112
273
1411
1709
1122
1079
365
-787
-2171
-3245
-4106
-5415
-5898
-5682
-4463
-2889
-931
1495
3360
5523
6981
8473
9364
9603
10013
8714
7928
6483
6288
5380
4234
3440
2561
2198
958
386
-57
-366
-1153
-1607
-1456
-1623
-2445
-3343
-2746
-2765
-3339
-3885
-3136
-2673
-2951
-3460
-3493
-3561
-5013
-6348
-7618
-8439
-10008
-12191
-13949
-16184
-18595
-20231
-19295
-16432
-16909
-17447
-15928
-12844
-10545
-9929
-5050
-1042
579
173
907
2515
632
-1032
-843
1377
865
18
2081
6362
8732
9054
12281
16337
17995
17008
18067
19469
17411
12459
9383
7791
4468
912
-1621
-2072
-3852
-4446
-3540
-2002
-502
-293
1319
1950
2625
1981
1231
895
-318
-1036
-2493
-2924
-3570
-2116
-151
1650
3466
5888
8914
10579
11342
12185
12874
11520
9877
8002
7306
5296
3234
2288
1170
624
-795
-628
-406
108
97
37
654
494
-125
-1663
-2391
-3448
-4304
-5822
-6531
-7108
-7497
-8097
-8566
-8902
-9604
-10548
-12150
-13233
-14938
-17038
-19521
-21587
-22078
-21105
-19552
-18092
-16059
-12812
-10198
-7892
-4573
32
4308
5251
6246
6837
6609
4120
2048
2704
2329
1894
1619
4887
7682
9669
11919
15926
20050
21150
21809
22735
23104
19813
15362
11648
8262
3868
-612
-3121
-5083
-6874
-7136
-5886
-4106
-2952
-1663
58
1110
1579
1133
658
-235
-908
-1967
-3373
-4568
-4679
-3603
-2527
-863
1348
4454
6711
8669
10339
11778
12124
10950
9997
8687
6902
4276
2127
861
-869
-2713
-3831
-3297
-3091
-3218
-2887
-1368
-53
269
405
403
400
-315
-1434
-2583
-3635
-4868
-6188
-7635
-8705
-10038
-11532
-12937
-14011
-15449
-17311
-19705
-21834
-23606
-24114
-23251
-22161
-20752
-19580
-17043
-14387
-10939
-6974
-2292
2919
6005
8600
8684
9702
8798
7913
7573
6755
6708
5332
7462
9171
11817
13165
16534
20005
22166
23362
24029
24806
22294
18818
14577
11353
7159
2784
-709
-3066
-4801
-5427
-4511
-3254
-1658
-806
958
2199
2947
2797
2287
1646
175
-1697
-3516
-5043
-5934
-5849
-4317
-2693
-567
2284
6048
9316
11060
12995
13680
13367
11608
9907
8230
4885
1836
-1165
-2806
-4675
-6101
-6271
-5868
-4967
-4075
-2280
-895
194
128
490
-20
-1063
-2749
-4269
-5496
-7138
-8376
-9882
-10710
-12105
-12869
-14033
-15140
-16647
-18790
-21225
-24218
-24528
-23873
-22297
-22907
-22892
-20912
-18454
-14943
-11746
-5639
-898
2395
4968
6898
9024
7542
7598
7797
9002
7905
6784
8852
11388
14289
15168
19027
21963
24218
24512
25705
26001
23023
18221
13807
11309
7424
2967
-1274
-2600
-3266
-3288
-2887
-1025
1134
1833
2645
3155
4450
3892
3360
2402
1533
-223
-3064
-4976
-5698
-5483
-5686
-5654
-3792
-1143
1331
3008
5472
8314
9319
9037
7959
7908
7057
4958
2480
318
-1319
-3591
-5487
-6371
-6498
-6670
-6662
-5013
-2864
-1539
-1243
-640
-60
-545
-2617
-4854
-6676
-8141
-10932
-13781
-15980
-17364
-18789
-21087
-22389
-22764
-22835
-22855
-21602
-18356
-16475
-16069
-15406
-13675
-10753
-9171
-6845
-4136
-1622
342
285
2206
3014
4397
4562
6061
8609
9075
10417
11519
15415
16834
18618
20368
23122
25091
25811
26772
25991
24166
20568
17998
14686
11010
6458
2880
63
-1988
-1711
-1164
508
1342
3561
5462
6709
8211
9264
10541
9566
8404
6668
5128
2645
-235
-1058
-2031
-2306
-2969
-429
2043
3801
4976
6931
9007
8597
7906
7407
6906
3615
-66
-3361
-5631
-8358
-10329
-10561
-9980
-9004
-8149
-5735
-3394
-1557
-905
-399
-520
-1840
-4141
-7023
-9694
-13310
-17157
-20614
-23761
-26318
-28382
-29496
-30120
-29815
-28102
-25013
-21406
-18066
-14689
-12994
-10649
-8661
-5856
-4175
-3071
-1090
-1471
-1007
-1995
-1122
-453
542
3062
4900
7961
9216
12095
14124
16885
18538
19745
21323
22001
22290
20905
19863
18056
15856
12579
9611
7389
5899
4035
2258
1181
1095
1324
992
2042
3091
4393
5165
6777
9036
9959
10366
10410
11434
10871
9520
8349
7931
7834
6278
5720
6052
6745
6407
5997
6624
7095
6678
6203
6105
5325
3508
1144
-1046
-3792
-6552
-8880
-10198
-10619
-10650
-9729
-8926
-7430
-5871
-4223
-3299
-3077
-2918
-4092
-5763
-9223
-12541
-16599
-20764
-24549
-27998
-30751
-32353
-32312
-30598
-27301
-23775
-19867
-16751
-13027
-8653
-4645
-2359
-1305
166
186
-1046
-3082
-3693
-3798
-3652
-2198
348
3900
6763
10197
13822
17374
19653
20668
21692
22487
22149
19602
16589
13926
11373
8231
5280
3544
2752
2190
1462
1462
2200
2965
2993
3088
3375
3607
3200
3229
4440
5321
5847
6157
7796
9892
11106
11766
12520
14194
14600
14353
14405
14920
13818
11207
9469
8660
7172
4637
2994
2329
836
-1457
-2735
-3719
-4821
-6540
-7249
-7395
-7354
-7293
-6862
-5931
-5574
-5456
-5627
-5319
-5519
-6456
-8000
-9869
-12479
-15474
-18878
-21384
-24318
-26820
-27996
-27941
-25872
-24083
-21139
-19657
-17578
-14216
-10219
-7504
-6609
-4616
-3363
-3985
-5835
-6006
-5650
-6426
-5532
-3001
474
2561
5932
10667
15441
18231
20151
22077
23596
23281
21403
19092
16177
12969
9015
6078
4061
2228
354
-533
-121
850
1590
2252
3559
4478
4861
4883
5592
5917
6226
6282
6692
7004
7756
8871
9836
11183
13046
15394
16823
18554
20120
20608
19423
18863
18279
16191
12901
10384
8398
4946
1021
-2207
-4609
-7087
-9003
-9626
-9983
-9864
-9586
-8195
-7381
-6551
-6193
-5713
-5564
-5974
-7306
-9238
-11458
-13754
-16544
-18944
-21032
-22409
-22871
-22933
-20625
-17703
-14097
-13241
-12366
-8646
-5047
-3794
-5191
-3894
-3730
-5907
-8611
-9226
-9159
-10956
-10126
-7317
-3458
-1982
1223
5834
11260
14551
16270
18402
20816
21728
20009
18314
16295
13208
9085
6446
5197
2682
-859
-2822
-2673
-2172
-2897
-2931
-1986
-1415
-1126
-1187
-417
114
1138
2016
3257
3738
4890
6214
7291
8633
10546
12672
13747
15046
16448
17113
16858
16984
16937
16164
14142
12646
11136
8811
5730
2401
-142
-2835
-4754
-6788
-8357
-9699
-10102
-10495
-11005
-11234
-11344
-11600
-12337
-13217
-14278
-16093
-18169
-20003
-21600
-23334
-24516
-23559
-22116
-19244
-16216
-12088
-10575
-8540
-4320
41
1948
618
1968
686
-2424
-6561
-7842
-8895
-12052
-11797
-10668
-7255
-6969
-3551
1131
7067
10736
12987
16440
19265
21045
19499
18677
16836
13920
9739
7870
7703
5424
1789
-80
676
819
-237
-730
385
185
-854
-1847
-1345
-1857
-2534
-2052
-833
-575
-144
2100
4821
7080
9487
13030
15462
17321
18870
20278
20256
19569
19397
18163
15884
13469
11327
8494
4840
1811
-377
-2381
-4028
-5364
-6595
-7839
-8787
-9538
-10414
-11493
-12803
-14241
-15949
-17729
-20075
-22505
-24766
-26674
-28058
-27454
-25556
-22386
-18678
-13604
-9774
-7566
-3077
3160
7432
8127
9433
10993
7950
3508
176
-871
-5231
-8264
-8569
-7475
-7906
-7837
-4171
-104
3558
5485
8847
12076
14394
14700
14729
14755
12892
10116
8368
8521
7862
5511
3536
3289
3056
2523
1822
2371
2154
1489
308
65
34
-362
-231
355
959
387
815
1509
2746
3617
5326
6189
6861
8149
10159
11272
11590
13265
14759
15330
14513
15013
15247
13977
11896
10272
9184
6369
3711
1023
-1008
-4297
-7657
-10554
-12841
-15132
-18043
-20329
-22763
-24444
-27053
-28536
-30443
-30633
-30004
-28712
-24958
-20957
-16916
-16714
-13148
-5958
618
3441
5078
10049
10490
9059
6829
7363
5128
2152
2776
3382
3344
850
2386
4010
5989
5927
6176
7198
8360
9014
8126
8156
7297
6209
4768
6097
7625
6403
4436
4606
6458
5686
4231
4065
4571
3438
1306
971
887
359
190
1939
3821
3705
4363
6487
9116
9259
9919
10971
11427
10103
8563
7696
6270
4830
3847
3675
3176
3090
3317
4249
4655
4724
5313
6103
6839
5745
4731
3252
1801
-1192
-4578
-7587
-11071
-14883
-18785
-21646
-24950
-28498
-30958
-30651
-30165
-28291
-25635
-20459
-19017
-18472
-13955
-7160
-2769
-2045
2138
5149
3987
1397
1427
2249
-1215
-1619
397
3421
2329
3257
6673
10439
11601
11724
13407
14584
14484
11931
10285
8533
5924
2020
823
1647
1281
-1107
-1932
228
1423
1337
1314
3115
3591
2369
972
952
818
147
-82
1037
1678
2059
3505
6199
8305
9723
11836
13679
14296
13893
13660
12378
10523
8524
7102
4980
3042
1901
969
-457
-2170
-2591
-2469
-1897
-2100
-1960
-2238
-2218
-3149
-4515
-6284
-8659
-11981
-15381
-18272
-21498
-25177
-27825
-27491
-26761
-24728
-21811
-16701
-15178
-13714
-9258
-2770
581
1062
4526
5676
3888
-272
-1291
-2391
-5897
-6415
-5421
-2350
-2424
705
4273
9821
12578
14305
16497
18639
19719
17389
15859
13342
10283
5637
3825
3952
3298
1195
-49
1169
1804
1592
796
1410
1255
3
-2243
-2703
-3273
-4034
-4367
-2836
-1516
-563
1941
5492
8919
11067
13972
15991
16962
16800
16573
15386
13148
10837
8734
6638
4758
4038
3821
3431
2765
2631
3012
3493
3122
2204
1030
-632
-3461
-6916
-10230
-13881
-18508
-22482
-25564
-27643
-30882
-31042
-29637
-25817
-21865
-17164
-13231
-12456
-7942
-2880
1679
2044
4146
7067
4799
2260
-845
-352
-4408
-5205
-4340
-1891
-1625
-1349
2811
6020
9776
9868
12362
13720
15875
14560
13536
12536
11077
8958
6758
8310
9117
9410
7688
8786
10120
9877
7864
6578
7060
4496
522
-2581
-3039
-5067
-7682
-7667
-6045
-5081
-4222
-1125
2954
5505
7505
9250
11135
11337
10622
8568
6908
4757
2629
-767
-2368
-2519
-2041
-2276
-1952
-21
1483
2620
2961
4333
4073
2671
-297
-2809
-6151
-11517
-16842
-21732
-24381
-28935
-30554
-30706
-28022
-24668
-19936
-13405
-11688
-7736
-2640
3899
5109
5959
9081
7304
4199
-247
40
-4534
-7789
-7752
-5752
-4044
-4553
61
3157
8339
9474
12392
13314
15462
15047
13021
11474
8814
6512
3219
3448
3403
4549
4948
7264
9302
11636
13050
13610
14535
14073
12743
9284
8242
6027
3639
750
-298
-1615
-2409
-1278
376
1594
2794
5563
7951
8516
9256
10250
9853
7511
5832
4122
1532
-1521
-3329
-4078
-5776
-6841
-7876
-7101
-7289
-7212
-7784
-7852
-8088
-9577
-11789
-14668
-17577
-21628
-26230
-28430
-29713
-29457
-28455
-24339
-19740
-19074
-14919
-9385
-1361
867
4592
9695
10864
10299
6816
7844
3645
1175
-776
-57
-395
-2270
590
2479
6779
6623
9744
11356
13727
13263
12652
12042
9250
6859
3402
2402
-56
-353
-485
693
1795
3943
6225
7583
9654
10924
11684
11013
11498
11068
10809
9926
9604
8873
9086
9981
9880
8988
9198
10388
9309
7527
6714
6022
3739
807
-77
-1694
-3078
-4630
-3850
-3672
-4031
-4258
-3413
-1687
-1978
-2804
-4572
-4962
-7034
-10541
-14531
-18010
-21851
-26875
-30123
-31623
-31831
-30351
-26227
-19505
-17417
-14759
-10154
-3156
1367
2117
6102
6206
5845
2411
1336
-577
-4255
-4798
-4946
-2178
-3324
-813
1815
7104
9703
11271
14321
16187
17766
15961
15865
13379
10562
5964
3606
1474
508
292
-290
896
2053
4012
4306
5822
7607
8071
7017
6751
7755
7907
8042
8859
10991
12957
14835
16028
17164
18785
20308
20024
18724
17246
15294
11537
7065
3838
624
-3038
-5605
-6390
-6385
-7398
-7315
-6194
-4461
-4343
-4871
-5319
-5918
-8005
-12063
-16039
-20720
-24668
-28757
-31366
-32224
-30666
-24544
-19439
-17163
-13934
-7350
889
3496
6594
9934
9769
5823
1101
-771
-5721
-10423
-12171
-9706
-8360
-8269
-5649
-344
6024
8689
11407
13581
15922
15407
13219
10824
7760
3989
-482
-3456
-5254
-4634
-4071
-3269
-1001
2705
4742
5400
7566
9850
8795
5650
4716
3933
1770
-454
-315
1318
3072
5620
8310
11203
14870
18055
19488
19677
19641
18155
14267
10238
7014
3030
-1697
-5145
-6408
-7562
-9164
-9602
-8213
-6228
-5924
-6355
-6616
-6384
-8051
-11747
-15911
-19363
-22872
-26902
-30118
-29339
-24896
-21467
-20979
-18543
-11134
-3193
557
4764
11031
12507
9759
7035
7412
3518
-2788
-5237
-3972
-3412
-5906
-4840
-509
5448
7967
10548
13823
17393
18284
16896
15593
12950
9022
3249
-838
-3366
-4302
-6587
-7438
-5791
-2427
-772
-55
3639
6948
7823
6616
6999
7112
5765
4045
2946
2476
2244
3076
3981
5542
8347
10433
11651
12911
14363
13820
11448
9577
8160
5237
1054
-2225
-4157
-5736
-8324
-10386
-10834
-9744
-10047
-11215
-11804
-11336
-13196
-16754
-18636
-19361
-22278
-26226
-23740
-17294
-14483
-17113
-16112
-8569
-2194
255
4198
10929
12844
10559
9456
10391
7189
1652
884
2666
1992
-1808
-1750
1792
5901
7383
9332
12749
15893
17480
17523
18274
17451
14161
9524
6912
6453
4922
2236
727
1480
1704
1058
1712
4446
5728
4565
3704
4076
3890
2884
1678
862
238
532
101
122
1274
3182
4383
5014
6562
7566
7854
7180
7229
6425
4087
797
-1744
-3607
-6024
-9171
-12024
-13149
-13965
-15758
-17846
-18310
-19020
-20369
-23393
-24461
-26368
-26092
-23252
-20297
-18419
-19999
-17319
-13516
-7782
-2843
1449
5774
7420
9338
9175
8880
5865
5276
5768
6447
4630
2653
3877
4879
6308
6294
8645
10334
12480
14180
16182
17255
15986
13340
10672
11219
10560
9182
7461
7745
7265
5596
5985
8368
10459
10563
11750
13253
14228
13771
13723
14110
13392
11802
10131
9285
7321
4835
3001
2678
1603
206
-373
-346
-302
-1617
-2176
-3384
-4506
-6230
-7964
-10491
-13732
-16758
-19979
-22659
-24682
-26290
-27149
-27625
-27294
-27975
-25962
-20342
-15127
-12515
-13053
-10374
-9432
-8166
-6420
-4641
-4056
-5817
-4742
-4723
-4330
-4576
-2074
1277
4449
7570
8985
11925
13103
15103
13590
12502
10211
8597
6613
5252
4532
2849
826
-788
1311
3437
5621
6465
9099
11572
11934
10803
10713
11511
10962
9516
8918
10071
11110
12585
13840
16160
18470
20154
20936
21323
20887
17959
13798
9382
5796
652
-4517
-7495
-8932
-10311
-12881
-12747
-11119
-9967
-11262
-12651
-12706
-13989
-17806
-21712
-23439
-26520
-30087
-32492
-29981
-26298
-22244
-20461
-16920
-11307
-7410
-3814
-494
4444
4413
1736
-798
-3068
-6054
-9601
-9691
-8561
-6088
-4408
-853
4084
9648
14017
15674
18075
18588
18514
16175
14515
11250
6605
2142
-729
-1511
-2039
-745
923
2808
2381
2479
3465
4709
5702
6229
6191
5829
5893
6284
6757
8129
10709
13499
16904
19270
21078
21852
22442
20633
17101
12588
8352
3813
-960
-4982
-7821
-9562
-11252
-12374
-12397
-11670
-12007
-12971
-13935
-15717
-18902
-22323
-24230
-24994
-24128
-20711
-18432
-18263
-15366
-10556
-5999
-2962
2066
6090
5813
4932
3310
1340
-2720
-5086
-6067
-6543
-7124
-6753
-4289
-1890
2690
5295
10112
13267
16702
17612
18423
18663
16154
12810
9868
9462
7511
5778
4103
4304
4100
2648
1296
1712
2060
1302
1040
1871
3049
3389
4242
5844
7348
8242
9102
10632
11132
10124
9070
8054
6633
4745
2686
1235
367
-692
-2035
-2837
-2461
-2533
-3511
-5788
-7528
-9601
-12823
-17425
-20380
-22853
-24874
-24251
-22243
-21174
-21088
-16808
-12420
-9118
-6347
-1628
1803
2138
2561
1654
38
-2440
-2642
-1773
-1257
-660
1076
4330
7103
10364
12169
14666
15740
17596
17243
15858
14745
12842
9907
5901
5147
4328
4401
3817
4142
4661
5378
5799
5534
6381
6816
6136
5278
5854
5799
5087
4973
5856
6192
5245
4767
4660
4078
2392
216
-1976
-3382
-4921
-6867
-8500
-9142
-9393
-10748
-10662
-10067
-9293
-10414
-11105
-11639
-12186
-14239
-15128
-13272
-12167
-14257
-16867
-14431
-12759
-11579
-10786
-7792
-5721
-5478
-5081
-4886
-4172
-4876
-4440
-3664
-1734
-1161
143
2645
5907
8422
9736
12475
15358
17296
17347
17715
17295
16529
14960
13370
11243
9796
9326
7671
5978
5447
5532
5073
5241
5182
4722
4090
4331
4233
4171
4775
4558
4466
4776
5268
3337
1689
1216
953
-1072
-2744
-3112
-3848
-5114
-6452
-7245
-8121
-8564
-9094
-10279
-11097
-11960
-13057
-15519
-16143
-14637
-13406
-15248
-16772
-15334
-14647
-14619
-13579
-9950
-7922
-7104
-5865
-4300
-3737
-4008
-3649
-2616
-1041
-771
-735
418
2776
4315
4266
5947
8509
10632
11413
12906
14476
15030
13432
10908
9112
8587
7972
5974
4782
4503
4322
3086
3135
3714
4249
4453
5521
6152
5970
5896
5154
3821
2016
771
-1531
-3260
-4549
-5349
-6887
-7652
-7020
-6827
-6670
-6240
-5218
-4385
-4048
-3993
-4420
-4360
-5019
-6404
-7247
-5672
-4637
-6048
-6955
-6136
-5564
-6230
-5450
-4592
-4398
-4782
-5388
-5986
-6725
-6248
-5942
-4320
-2650
-883
333
2707
5558
7228
7775
8354
10349
11214
11094
10387
10486
10231
9160
7387
6433
6865
7638
7658
7622
8633
9115
8995
8384
8462
8012
7287
6256
5294
4257
3241
1752
9
-661
-1540
-3021
-4296
-4727
-5162
-6454
-7215
-7495
-7854
-8850
-9957
-10658
-11176
-11641
-12309
-12548
-12429
-12453
-11467
-8415
-6218
-6083
-5727
-3824
-2569
-1798
-438
1217
1975
1913
1508
562
53
129
426
1477
2755
3745
4338
5801
7697
9234
9996
11247
11871
12402
12535
11812
11061
10152
8400
5921
4464
4587
5191
4494
4634
5364
5936
6049
6283
6848
6602
6431
6147
5069
4512
4173
2499
970
534
4
-1485
-2593
-2775
-3002
-4271
-4881
-5511
-6034
-6761
-8443
-10580
-11939
-12875
-14525
-16238
-17120
-16483
-15385
-14338
-14332
-13058
-11036
-9856
-8848
-6828
-4409
-3558
-3100
-2722
-2280
-2303
-2359
-1681
144
1902
2436
3450
5500
7515
7499
8021
9726
11073
11365
11266
11467
10970
10296
8614
7176
6063
5924
4512
3515
3819
4175
3665
3219
4037
4428
4554
4506
5219
4830
5082
4930
4751
4280
3871
2848
1135
241
-699
-2335
-3972
-4395
-4957
-5686
-6620
-7407
-7644
-7174
-6633
-6851
-6984
-6613
-6053
-5719
-5498
-6186
-6451
-6664
-6702
-6726
-6431
-5669
-5288
-4867
-4726
-4658
-4812
-4152
-2969
-1512
92
1727
3084
4446
5728
6343
6846
8071
8906
8829
8424
8458
7662
6416
4606
2897
1516
1061
158
-722
-716
-245
-149
358
1927
2476
2766
3400
4037
3640
3150
2505
1423
191
-645
-1694
-2814
-3104
-3127
-3380
-3422
-2594
-2082
-2108
-2654
-2906
-3368
-3374
-4036
-5390
-7179
-7868
-7307
-6510
-6188
-5977
-4608
-3690
-2909
-1792
248
1388
1499
1634
1326
865
-104
-562
-186
1060
1955
2904
4879
6875
8259
8988
10547
11589
12045
12105
12066
11856
10911
9088
6841
4962
3663
2828
1668
787
202
-62
-724
-1058
-1341
-1735
-2249
-2222
-2955
-3610
-3918
-4321
-4998
-5715
-5712
-6401
-6715
-6580
-6659
-7404
-7734
-8094
-8952
-9740
-10055
-10127
-10102
-9325
-8691
-8530
-8434
-7262
-5733
-4101
-2426
-768
390
1209
2002
2552
3089
3853
3908
2961
1675
852
109
-451
-355
823
1954
2924
3997
5438
7034
8774
10169
11377
12526
13499
13685
13366
13011
11952
10386
8881
7795
6884
6446
6242
5631
5019
4983
4739
4062
3975
3896
2743
1382
245
-1466
-3224
-4718
-5895
-7337
-8092
-8190
-8276
-8570
-8333
-8081
-8328
-8216
-7559
-7244
-7228
-7368
-7904
-8696
-9456
-10281
-10933
-10718
-10209
-9715
-8767
-7084
-5003
-2950
-1378
13
846
1752
2539
3334
3612
3334
2977
2809
2852
3252
4377
5846
7123
8253
9193
10156
11215
12071
12164
11832
11379
10369
9229
7992
7076
5908
4789
4060
3860
3920
4259
4844
5268
5671
5991
6026
5562
5157
4310
2857
820
-1029
-2801
-4413
-5935
-7268
-8100
-8716
-9324
-9997
-10572
-10532
-10445
-10425
-10386
-9936
-9530
-9695
-9853
-9612
-8802
-8657
-8142
-7540
-6390
-5324
-4316
-3482
-2899
-2187
-1593
-1475
-1881
-1871
-1750
-1409
-1264
-955
-576
-122
741
2290
4157
5848
7511
9060
10472
11407
11638
11741
12278
12247
11121
10152
9839
9281
7931
6865
6027
5265
4348
3025
1913
1610
1445
378
-564
-1001
-974
-1538
-1689
-1464
-912
-339
171
237
-132
-44
-227
-845
-1829
-2669
-3840
-5342
-6598
-7730
-8663
-9374
-9915
-10358
-10162
-9759
-9533
-9270
-8645
-7738
-7277
-7012
-6427
-5557
-4959
-4864
-4729
-3931
-3326
-2707
-1835
-627
719
1694
2628
3703
5021
6227
6915
7510
8115
8278
7700
7145
6761
6591
6207
5849
6206
7172
7928
8352
9059
9510
9562
9244
8935
8383
7448
5943
4460
3282
2043
443
-1011
-1871
-2390
-2978
-3594
-3657
-3415
-3476
-3965
-4628
-4752
-4695
-4748
-5076
-5207
-5048
-5155
-5318
-5098
-4234
-3328
-2633
-1938
-1257
-953
-1286
-1782
-2294
-2785
-3761
-4660
-5336
-5543
-5566
-5621
-5302
-4498
-3559
-2808
-1668
-243
1146
1928
2488
3172
4010
4414
4685
5179
5842
5953
5830
5889
6111
6295
6183
5948
5912
5767
5418
4938
4263
3797
3361
2707
2091
1795
1832
1880
2132
2088
1874
1600
1195
628
-491
-1765
-3042
-4317
-5610
-6641
-7357
-7795
-8236
-8265
-8049
-7480
-6862
-6145
-5391
-4646
-3993
-3607
-3046
-2617
-2496
-2772
-3182
-3144
-2756
-2487
-2329
-1634
-778
-300
-339
-84
604
1099
1087
742
724
977
1073
1352
1625
2146
2501
2665
2940
3577
4177
4239
3965
3894
3579
3080
2592
2619
2929
3219
3489
4150
4924
5197
5504
5925
6118
6014
5529
5122
4496
3458
1954
437
-758
-1954
-2994
-3605
-3666
-3901
-3937
-3845
-3735
-3940
-3983
-3681
-3411
-3542
-3726
-3749
-4012
-4178
-4612
-4882
-4833
-4505
-4368
-4193
-3549
-3122
-2931
-2747
-2272
-1870
-1676
-1387
-1179
-723
-481
-654
-791
-263
681
1126
1647
2421
3288
3978
4419
4905
5166
5325
5094
4709
4164
3576
2964
2168
1571
785
218
27
25
-14
234
587
893
1498
2092
2429
2579
2826
2616
2101
1644
1272
575
-211
-660
-1000
-1387
-1462
-1409
-1545
-1675
-1762
-1875
-2108
-2113
-2300
-2633
-2762
-2688
-2930
-3154
-3069
-2914
-2853
-2496
-1742
-1281
-1024
-719
-469
-486
-562
-619
-507
-440
-398
-405
-465
-177
284
807
1275
1649
2154
2640
2820
2633
2527
2271
1653
946
343
48
-159
-760
-1262
-1025
-569
-362
-390
47
555
539
122
-115
-344
-731
-1179
-1668
-1742
-1769
-1980
-2052
-1447
-898
-678
-260
629
1427
1664
1900
2158
2324
2201
1774
1557
1606
1294
980
817
893
601
308
294
271
472
599
494
475
457
497
650
870
1090
1349
1580
1465
1217
1356
1498
1444
1347
1394
1612
1500
1757
2240
2632
2631
2260
2137
2048
1943
1570
1156
724
154
-637
-1287
-1721
-1975
-2043
-1734
-1239
-878
-416
-110
-6
29
-105
-300
-714
-1113
-1655
-2391
-3131
-4019
-4951
-5438
-5401
-5005
-4567
-3811
-3025
-2361
-1735
-996
-64
672
1476
2288
2759
2866
2993
3405
3614
3670
3792
3927
3994
4123
4030
3783
3759
3662
3034
2519
2273
1988
1936
2014
1927
2147
2433
2415
2244
2210
2427
2254
2041
1923
1847
1517
859
134
-687
-1193
-1689
-1921
-1852
-1995
-2160
-2507
-2873
-3217
-3477
-3447
-3428
-3345
-3402
-3606
-3737
-3895
-4248
-4740
-4842
-4774
-4776
-4811
-4608
-4590
-4773
-4954
-4987
-4838
-4670
-4482
-4232
-3732
-3384
-3086
-2791
-2579
-2209
-1780
-1298
-707
-202
291
971
1637
2314
2985
3752
4748
5487
5891
6270
6658
6713
6677
6654
6256
5625
4942
4189
3438
3044
2611
2011
1684
1500
1441
1221
836
803
680
457
105
-302
-539
-1006
-1634
-2088
-2381
-2525
-2816
-2967
-2814
-2628
-2555
-2837
-2856
-2813
-3121
-3646
-4038
-4358
-4970
-5430
-5694
-5755
-5603
-5302
-5068
-4549
-3752
-3183
-2705
-2267
-1782
-1542
-1403
-1188
-1009
-895
-770
-750
-684
-199
366
1120
2051
2887
3652
4293
4994
5467
5765
5979
5932
5789
5641
5443
5213
5055
4974
5086
5173
5429
5681
5673
5673
5536
5309
4836
4011
3235
2551
1883
1079
528
169
-80
-265
-400
-557
-807
-873
-1043
-1270
-1617
-2107
-2802
-3589
-4579
-5527
-6386
-7069
-7486
-7914
-7919
-7728
-7393
-7291
-6996
-6446
-6074
-5692
-5318
-4924
-4850
-4878
-4794
-4662
-4296
-3883
-3441
-2821
-2000
-1291
-615
115
791
1322
1742
2048
2419
2953
3215
3418
3545
3813
4011
4238
4768
5447
6219
6613
6886
7069
7215
7367
7214
6825
6297
5694
4807
4050
3403
2743
2357
2152
2041
1994
1946
1855
1596
1126
474
-83
-546
-884
-1494
-2109
-2591
-3009
-3543
-4079
-4321
-4413
-4423
-4627
-4707
-4552
-4437
-4810
-5358
-5654
-5728
-5990
-6248
-5990
-5513
-5107
-4929
-4588
-4195
-3570
-2870
-2359
-1814
-1223
-870
-778
-834
-803
-682
-610
-305
323
1012
1760
2508
3087
3696
4225
4798
5279
5839
6461
6950
7224
7212
7112
6984
6638
6414
6132
5767
5484
5245
4821
4305
3754
3386
3130
2779
2327
2079
1974
1747
1517
1075
656
221
-95
-701
-1157
-1338
-1697
-2151
-2770
-3328
-3683
-3952
-4228
-4461
-4591
-4532
-4421
-4401
-4275
-3997
-3746
-3722
-3668
-3418
-3039
-2794
-2574
-2395
-2233
-2212
-2158
-2026
-1732
-1400
-1052
-707
-602
-437
-160
261
411
435
590
839
914
655
420
487
663
997
1273
1770
2448
2916
2914
3008
3362
3480
3388
3179
2973
2609
1927
1111
377
-18
-303
-452
-396
-238
-85
-182
-226
-207
-58
-76
-142
-331
-709
-1251
-2017
-2375
-2482
-2708
-2997
-3105
-2957
-2924
-2963
-3073
-3015
-3199
-3564
-3796
-3984
-3831
-4002
-4108
-3952
-3496
-2993
-2422
-1746
-911
-189
408
840
1143
1314
1386
1400
1175
1013
1035
1036
1066
1560
2150
2863
3348
3690
4088
4349
4445
4296
4099
3694
3026
2284
1783
1425
967
613
396
364
477
426
483
541
571
315
4
-162
-453
-691
-1079
-1446
-1735
-2099
-2286
-2108
-1818
-1687
-1576
-1270
-1034
-1103
-1174
-1171
-1303
-1354
-1580
-1681
-1558
-1403
-1296
-1173
-725
-321
-86
91
488
815
784
657
705
863
847
709
596
606
790
938
1091
1314
1704
1899
2064
2131
2134
2027
1852
1926
1912
1867
1444
1094
1033
817
484
289
463
577
459
447
381
514
479
500
494
553
490
348
483
321
219
13
-39
-91
-292
-519
-859
-1111
-1204
-1230
-1281
-1196
-1137
-994
-947
-930
-998
-996
-865
-816
-647
-657
-718
-808
-879
-889
-846
-701
-467
-152
-29
189
322
351
348
221
115
109
-10
-253
-638
-930
-1011
-1277
-1433
-1284
-832
-663
-416
68
348
446
342
171
115
-47
-351
-757
-995
-1195
-1649
-1980
-2006
-1831
-1699
-1583
-1247
-857
-509
-338
-192
-3
101
40
-138
-257
-242
-349
-479
-431
-444
-258
-51
191
651
1156
1535
1846
2213
2429
2254
2102
2288
2433
2437
2280
2274
2460
2443
2405
2297
2508
2735
2737
2796
2848
2887
2759
2462
2373
2300
2048
1802
1765
1802
1627
1463
1257
1096
806
552
224
61
71
-282
-596
-782
-918
-1379
-1935
-2215
-2656
-2899
-3222
-3439
-3469
-3510
-3410
-3551
-3549
-3266
-3034
-2982
-2768
-2387
-2030
-1878
-1740
-1624
-1656
-1736
-1809
-1664
-1445
-1171
-899
-527
-182
273
685
1095
1432
1637
1913
2116
2289
2439
2549
2530
2669
2835
3045
3273
3429
3717
3757
3738
3594
3480
3384
3162
2834
2424
2085
1744
1253
843
645
508
455
334
187
100
31
-194
-593
-973
-1394
-1981
-2512
-3077
-3280
-3483
-3742
-3729
-3798
-3685
-3500
-3230
-2909
-2757
-2463
-2350
-2359
-2352
-2476
-2509
-2622
-2722
-2845
-2661
-2534
-2450
-2288
-1953
-1564
-1094
-695
-278
279
705
878
867
717
702
880
1125
1288
1543
1693
1686
1757
2048
2295
2190
2399
2460
2449
2327
2134
2122
1977
1788
1828
1976
2178
2068
1919
1939
1848
1533
1241
1011
679
352
81
-261
-636
-950
-1228
-1380
-1415
-1475
-1565
-1539
-1469
-1451
-1457
-1533
-1651
-1659
-1725
-1862
-1967
-1982
-1967
-1968
-1832
-1454
-1213
-1092
-884
-552
-302
-99
-30
59
318
653
1032
1137
1374
1828
2129
2436
2750
3089
3403
3602
3790
3908
3843
3834
3681
3512
3242
2846
2648
2506
2470
2329
2192
2239
2223
2199
2264
2080
1935
1774
1377
1077
782
544
241
-39
-265
-407
-547
-665
-781
-963
-1135
-1644
-2020
-2488
-2929
-3422
-3897
-4082
-4199
-4337
-4479
-4437
-4228
-3961
-3659
-3191
-2857
-2400
-2104
-1947
-1705
-1422
-1418
-1367
-1129
-1013
-944
-767
-583
-577
-559
-411
-320
-344
-190
21
147
246
367
601
763
1004
1139
1358
1590
1831
2017
2136
2371
2505
2638
2529
2570
2543
2457
2372
2389
2342
2207
2006
1641
1338
926
698
396
60
-371
-752
-1087
-1331
-1513
-1704
-1741
-1962
-2141
-2336
-2636
-2683
-2762
-2892
-3100
-3206
-3259
-3372
-3327
-3382
-3247
-3188
-3185
-3168
-3049
-3018
-2948
-2810
-2873
-2788
-2709
-2376
-1983
-1550
-1118
-622
-51
535
1175
1840
2233
2528
2677
2797
2769
2506
2271
1920
1620
1408
1236
1162
1102
1187
1336
1314
1542
1858
2048
2297
2524
2654
2615
2580
2594
2607
2620
2433
2407
2631
2786
2801
2779
2770
2488
2145
1603
1122
784
280
-121
-364
-570
-732
-831
-857
-806
-679
-699
-475
-420
-391
-472
-707
-900
-1237
-1420
-1555
-1591
-1550
-1553
-1645
-1493
-1445
-1387
-1251
-972
-700
-540
-423
-399
-484
-545
-425
-507
-405
-215
-37
50
184
426
586
629
729
713
589
336
363
235
237
129
-131
-13
-152
-183
-400
-443
-311
-160
-121
-26
178
307
384
468
558
519
477
546
494
413
208
51
-95
-272
-327
-373
-276
-137
95
354
603
697
831
909
911
906
867
831
815
698
567
292
142
129
185
181
69
76
172
252
228
271
314
435
451
439
383
360
456
522
562
706
706
612
396
267
312
133
53
-106
-290
-625
-973
-1307
-1433
-1440
-1472
-1332
-1115
-1028
-983
-890
-637
-459
-475
-458
-367
-107
-92
-277
-328
-209
-167
28
220
576
891
1101
1275
1431
1727
1846
1846
1844
1827
1651
1543
1476
1485
1343
1487
1752
1876
2129
2212
2277
2280
2192
2067
1924
1765
1606
1515
1295
914
716
687
668
667
818
970
1142
1173
1030
853
684
472
256
-54
-376
-759
-1097
-1251
-1543
-1736
-1917
-1919
-1878
-1918
-1946
-2055
-2190
-2477
-2826
-3015
-3078
-3176
-3137
-3074
-2912
-2853
-2780
-2574
-2422
-2143
-2021
-2031
-1839
-1726
-1660
-1521
-1260
-1217
-970
-753
-720
-532
-277
23
202
508
750
995
1011
1110
1288
1467
1396
1340
1409
1247
1289
1341
1367
1238
1170
1000
965
895
739
511
380
233
-14
-142
-278
-454
-683
-860
-1117
-1184
-1237
-1294
-1336
-1575
-1783
-2053
-2430
-2661
-3030
-3212
-3425
-3373
-3335
-3321
-3037
-2799
-2632
-2399
-2176
-1968
-1950
-1897
-1997
-2124
-2033
-2086
-2063
-2044
-1946
-1750
-1402
-1088
-798
-510
-280
-94
82
284
470
490
609
586
684
784
1003
1257
1476
1720
1960
2336
2709
3152
3356
3506
3586
3575
3464
3341
3254
3055
2833
2697
2613
2537
2408
2375
2425
2412
2335
2172
2016
1870
1752
1507
1158
752
375
151
-48
-292
-362
-379
-298
-244
37
189
223
288
247
152
91
-43
-490
-746
-862
-960
-1044
-1118
-905
-735
-634
-441
-362
-97
108
246
319
526
462
393
327
200
75
-170
-210
-131
-116
53
193
379
608
808
812
774
910
882
884
844
768
713
672
686
698
796
785
855
1062
1122
1095
1112
1091
881
699
448
94
-200
-418
-609
-755
-795
-820
-898
-941
-892
-823
-848
-851
-833
-929
-947
-997
-1033
-1117
-1251
-1217
-1130
-1105
-1007
-805
-710
-495
-312
-109
-81
-33
75
-50
-164
-115
37
83
206
327
447
595
720
999
1429
1665
1788
1886
1871
1792
1723
1700
1522
1332
1214
1046
1043
955
912
827
722
665
652
611
465
298
144
-123
-313
-565
-751
-834
-1098
-1084
-1042
-861
-832
-722
-650
-494
-442
-643
-701
-798
-968
-1043
-1229
-1290
-1346
-1352
-1314
-1240
-1078
-929
-768
-717
-500
-469
-303
-280
-179
-12
35
181
221
390
564
660
724
851
1013
1064
1012
1213
1323
1277
1356
1348
1329
1316
1440
1532
1636
1688
1879
1907
1892
1740
1542
1367
1152
1082
1134
991
819
753
528
280
117
26
-95
-305
-646
-893
-1187
-1492
-1677
-1862
-1983
-1998
-2050
-2228
-2260
-2286
-2322
-2273
-2186
-2266
-2269
-2272
-2390
-2478
-2613
-2703
-2709
-2675
-2664
-2735
-2645
-2593
-2625
-2516
-2532
-2369
-2245
-2145
-2028
-1840
-1815
-1663
-1469
-1403
-1304
-1244
-1023
-938
-874
-790
-668
-512
-470
-322
-229
-20
82
106
-17
-96
4
-122
-102
-180
-306
-354
-235
-244
-247
-208
-148
-111
-242
-75
-80
-209
-216
-144
-139
-272
-332
-414
-645
-706
-844
-682
-619
-606
-391
-311
-163
-369
-566
-567
-589
-724
-626
-532
-527
-481
-438
-353
-182
-74
163
248
293
366
521
612
648
781
807
879
899
828
811
895
854
903
887
886
784
835
833
911
875
733
813
794
838
911
1039
1057
1164
1294
1428
1610
1762
1844
1893
1922
1943
1959
1891
1753
1523
1256
895
592
352
-26
-262
-319
-336
-318
-291
-197
-146
-124
-129
-83
-262
-361
-364
-606
-732
-809
-734
-643
-474
-245
47
232
442
820
1039
1099
1284
1408
1504
1410
1222
1180
1019
1110
1199
1302
1386
1510
1626
1581
1615
1692
1571
1422
1354
1187
953
660
436
133
-81
-54
19
11
-37
4
81
128
172
136
113
-79
-88
-142
-293
-403
-484
-603
-595
-469
-347
-293
-258
-367
-610
-677
-582
-521
-755
-836
-841
-930
-1001
-1043
-1050
-979
-821
-510
-343
-421
-334
-140
-170
-160
-157
-290
-260
-212
-275
-175
-197
-167
2
240
579
873
1183
1259
1371
1388
1329
1362
1198
1081
972
845
824
652
533
442
273
305
257
279
328
114
-12
-174
-285
-286
-224
-256
-394
-328
-382
-406
-335
-333
-252
-242
-220
-240
-378
-528
-623
-733
-763
-721
-685
-619
-309
-104
184
390
658
1007
1154
1295
1340
1359
1247
1021
770
435
183
72
-66
-180
-266
-315
-400
-300
-210
35
41
42
54
19
90
-42
-32
40
-23
-171
-77
-119
-128
-49
-201
-202
-95
-20
-56
-57
-325
-312
-545
-664
-698
-926
-895
-1016
-1207
-1302
-1289
-1508
-1475
-1508
-1501
-1449
-1643
-1686
-1736
-1794
-1858
-1928
-1793
-1853
-1863
-1805
-1761
-1601
-1465
-1317
-1162
-977
-905
-686
-548
-301
-76
123
221
277
449
553
492
546
636
633
581
605
678
791
869
909
985
964
954
921
856
712
696
560
547
494
294
365
289
0
-94
-136
-381
-578
-645
-765
-864
-912
-1153
-1300
-1435
-1639
-1788
-1839
-1918
-1908
-1874
-1732
-1609
-1458
-1395
-1357
-1314
-1289
-1311
-1376
-1390
-1506
-1670
-1768
-1917
-1756
-1760
-1602
-1330
-1027
-526
-423
-189
47
216
292
516
711
1069
1168
1335
1527
1611
1739
1786
1990
2125
2399
2553
2570
2570
2585
2673
2646
2628
2516
2457
2358
2431
2574
2646
2766
2685
2594
2550
2409
2325
2170
1888
1766
1362
1142
883
568
538
436
267
119
74
-35
-37
-21
-50
-71
-226
-372
-372
-526
-526
-636
-655
-569
-608
-619
-817
-853
-885
-884
-960
-1056
-1034
-1011
-1035
-895
-811
-736
-605
-518
-365
-74
-29
9
286
430
574
746
896
960
1113
1292
1271
1426
1509
1672
1845
1880
1917
1854
1722
1658
1750
1599
1502
1343
1254
1069
915
706
513
346
202
38
-172
-176
-376
-431
-547
-745
-893
-1101
-1227
-1366
-1504
-1631
-1695
-1773
-1775
-1721
-1780
-1780
-1648
-1667
-1602
-1589
-1562
-1414
-1288
-1279
-1218
-1171
-1150
-953
-892
-822
-755
-774
-598
-494
-534
-426
-427
-507
-598
-512
-462
-517
-385
-291
-142
-116
7
92
157
224
312
535
688
780
704
672
437
375
476
363
351
468
630
653
722
692
649
646
581
582
375
382
275
278
204
139
55
-140
-139
-308
-429
-496
-532
-617
-593
-632
-544
-420
-363
-308
-185
-186
-96
-25
15
195
188
366
482
516
602
639
709
619
708
814
799
880
857
968
967
970
939
952
1048
1030
982
935
912
928
802
945
986
1018
1126
983
1005
989
954
990
986
1129
1118
1059
893
948
895
626
491
332
91
-183
-266
-472
-696
-762
-925
-951
-950
-1015
-965
-920
-899
-863
-904
-895
-1027
-1120
-1347
-1595
-1817
-1798
-1823
-1779
-1611
-1560
-1445
-1410
-1243
-1077
-789
-620
-514
-333
-254
-328
-386
-367
-327
-318
-251
-136
-129
65
146
292
470
669
643
888
1051
1090
1101
777
829
782
833
813
716
584
439
317
250
265
215
280
176
71
19
-146
-167
-146
-373
-419
-437
-395
-352
-256
-276
-316
-469
-545
-569
-751
-767
-879
-902
-1121
-1137
-1210
-1097
-1056
-1100
-968
-958
-822
-840
-836
-741
-638
-675
-512
-349
-367
-335
-136
102
73
223
249
398
357
351
353
475
481
492
535
536
658
674
672
403
231
131
88
-91
19
229
280
326
288
388
296
361
341
235
151
143
288
100
29
-159
-189
-306
-511
-525
-479
-673
-746
-585
-558
-486
-376
-173
-214
-179
-112
-193
-296
-333
-361
-408
-562
-480
-308
-425
-323
-72
-13
-132
-197
-186
-218
-252
-238
-130
-58
0
166
190
113
48
293
276
319
471
636
741
710
811
819
829
833
915
1038
1101
1102
1151
1069
1123
1082
828
627
530
319
15
-83
-225
-281
-324
-393
-381
-564
-669
-707
-776
-889
-836
-1010
-1149
-1230
-1175
-1052
-1115
-1195
-1118
-1204
-1338
-1261
-1197
-1050
-940
-912
-845
-809
-874
-942
-819
-795
-931
-1030
-1015
-906
-979
-788
-640
-422
-258
-12
144
292
447
448
462
424
418
404
540
404
458
371
239
128
209
337
350
481
700
818
872
869
821
729
692
814
808
792
883
974
881
850
706
517
306
134
196
95
242
210
135
193
131
189
192
453
512
569
649
539
750
834
994
1111
1239
1455
1512
1366
1433
1334
1263
1222
1205
1206
1113
1130
899
857
894
876
976
1040
1196
1157
1157
1153
1009
1065
1264
1396
1317
1328
1135
940
760
636
525
363
278
214
161
35
-37
-17
-80
-152
-74
-120
-83
-43
31
-63
-330
-427
-427
-423
-582
-557
-376
-336
-397
-372
-444
-414
-359
-292
-207
-141
-135
-259
-238
-418
-353
-347
-435
-502
-497
-444
-343
-72
172
338
426
633
759
760
883
940
926
1068
1047
1137
1073
1104
1175
1204
1328
1473
1460
1420
1438
1413
1409
1356
1415
1451
1329
1191
1121
1134
1095
1014
1011
847
679
633
459
338
146
45
-133
-309
-590
-922
-930
-978
-1127
-1309
-1376
-1522
-1707
-1838
-1905
-2090
-2045
-1911
-1823
-1731
-1814
-1761
-1757
-1825
-1813
-1575
-1461
-1387
-1250
-1185
-1043
-895
-762
-707
-562
-569
-639
-657
-649
-627
-558
-510
-511
-385
-322
-383
-390
-206
-159
-134
-70
162
230
231
410
476
470
493
444
369
382
297
319
250
176
388
340
503
444
335
292
157
139
8
111
93
139
313
322
292
16
-43
-93
-266
-241
-318
-502
-564
-462
-317
-172
80
122
80
122
71
-97
-171
-282
-350
-565
-706
-687
-752
-817
-709
-665
-613
-502
-428
-258
-205
-274
-226
-87
-60
-113
-12
104
56
91
78
158
315
215
281
346
152
124
128
0
-163
-164
-67
-151
-198
-245
-253
-432
-446
-443
-491
-392
-244
-159
-28
143
297
432
416
395
375
450
316
214
164
75
-18
-105
-130
-345
-444
-320
-473
-456
-473
-552
-589
-624
-698
-785
-863
-838
-936
-950
-780
-453
45
176
455
655
794
723
716
666
461
366
205
144
-99
-223
-289
-219
-355
-255
-204
-151
-94
-5
220
253
444
489
729
885
1099
1399
1456
1551
1433
1337
1257
1071
797
616
532
234
212
-55
-197
-217
-305
-402
-461
-365
-362
-120
-116
17
101
138
394
538
733
893
957
1052
1146
1110
1081
943
901
782
762
873
756
721
830
872
794
781
897
866
908
1011
1027
1085
1019
900
1066
1152
1078
820
900
925
716
765
681
652
589
413
266
125
-63
-122
-259
-515
-813
-933
-1054
-966
-811
-792
-736
-609
-655
-676
-456
-441
-201
-85
-158
-136
-103
-157
-306
-315
-404
-468
-440
-473
-475
-352
-342
-306
-322
-133
-112
-116
-16
17
102
52
25
152
198
221
470
653
683
880
983
921
944
993
987
922
1071
1093
1315
1334
1214
1185
907
878
658
388
257
95
-83
-80
-168
-453
-566
-747
-924
-1237
-1367
-1382
-1486
-1384
-1240
-1176
-1300
-1452
-1534
-1671
-1945
-2078
-2172
-2363
-2401
-2306
-2322
-2436
-2564
-2672
-2737
-2897
-2976
-2820
-2754
-2638
-2435
-2292
-2177
-2010
-1779
-1647
-1588
-1453
-1309
-1286
-1234
-1130
-1225
-1292
-1205
-1156
-1190
-1315
-1196
-1162
-1046
-1026
-882
-784
-921
-910
-906
-673
-747
-772
-693
-742
-699
-414
-352
-344
-182
13
70
27
210
228
333
456
531
615
665
725
695
579
515
460
410
323
306
405
462
438
346
430
434
535
655
675
640
585
476
523
514
569
592
600
716
619
635
564
368
279
343
322
281
315
321
319
268
141
234
228
260
468
614
880
921
1203
1197
1243
1313
1319
1404
1350
1292
1248
1229
1062
988
765
732
663
540
439
401
439
375
424
349
479
599
551
648
598
682
630
563
582
467
400
538
560
588
632
630
503
582
686
701
779
666
716
784
698
607
651
622
660
561
511
284
113
51
-84
-248
-414
-575
-578
-567
-468
-445
-343
-256
-179
-58
-70
-129
-151
-199
-522
-653
-840
-954
-1025
-1086
-1240
-1392
-1363
-1391
-1372
-1439
-1584
-1463
-1459
-1477
-1439
-1286
-1078
-1013
-835
-887
-694
-607
-603
-507
-600
-508
-665
-496
-352
-334
-188
-175
-189
-294
-557
-718
-837
-837
-817
-906
-791
-809
-781
-622
-315
-280
-141
22
252
482
769
914
998
1091
1101
1206
1320
1461
1399
1612
1569
1597
1605
1813
1803
1652
1805
1645
1544
1298
1327
1201
1041
1142
1194
1071
1152
1197
1257
1191
1203
1274
1125
1031
1025
970
774
513
373
114
-223
-467
-607
-743
-868
-1021
-1028
-912
-919
-908
-594
-811
-954
-758
-747
-554
-567
-507
-489
-341
-375
-352
-245
-317
-386
-409
-339
-423
-400
-253
-318
-238
-243
-137
-16
72
172
289
438
372
572
845
961
1196
1267
1264
1261
1312
1174
1266
1315
1337
1380
1218
1129
917
766
611
514
329
86
-35
-136
-221
-366
-673
-804
-994
-1075
-1106
-1225
-1388
-1448
-1443
-1316
-1321
-1395
-1366
-1410
-1350
-1529
-1601
-1704
-1758
-1890
-1974
-2093
-2196
-2217
-2324
-2218
-2315
-2212
-2062
-1908
-1802
-1767
-1645
-1493
-1420
-1268
-1147
-1257
-1237
-1297
-1337
-1284
-1195
-984
-931
-875
-643
-594
-694
-808
-748
-654
-606
-481
-171
-97
-2
-2
130
235
302
524
688
894
950
981
1035
1118
1174
1175
1237
1394
1270
1257
1252
1235
1308
1399
1476
1475
1540
1513
1420
1305
1338
1189
1210
1034
961
908
868
830
874
1084
1122
1292
1310
1400
1296
1054
975
771
636
476
372
132
-19
26
-150
-175
-127
101
348
377
439
700
623
635
694
545
612
665
631
529
542
564
451
464
457
335
181
233
154
-33
-46
124
56
-90
-123
-228
-424
-656
-741
-911
-910
-963
-803
-749
-564
-380
-397
-293
-270
-356
-664
-746
-751
-918
-888
-856
-821
-733
-694
-767
-708
-639
-532
-463
-408
-299
-269
-459
-642
-722
-871
-793
-674
-627
-496
-161
192
306
324
421
276
317
260
-27
-229
-637
-861
-944
-1247
-1314
-1333
-1287
-1312
-1206
-1199
-1108
-1137
-1116
-739
-576
-515
-554
-459
-526
-770
-777
-870
-1014
-1016
-1016
-1109
-1249
-1273
-1223
-1405
-1327
-1142
-1113
-1103
-1067
-1179
-1300
-1313
-1240
-1149
-1213
-1138
-1130
-1079
-1054
-925
-669
-545
-420
-276
-205
-300
-440
-526
-647
-522
-348
-401
-292
-327
-237
-215
-173
-184
-250
-71
-113
-25
124
226
74
103
227
354
445
546
677
756
966
961
863
807
779
869
960
907
817
779
730
604
495
421
393
506
583
330
254
104
200
243
354
476
488
623
571
721
709
838
749
743
810
873
834
770
726
444
445
488
469
339
493
521
491
290
140
228
310
528
681
750
984
1051
1045
1330
1256
1261
1095
1213
1212
1211
1335
1280
1249
1346
1248
1040
861
724
731
424
227
23
-52
-140
-245
-342
-463
-687
-702
-694
-711
-571
-453
-455
-486
-420
-338
-311
-454
-492
-455
-527
-640
-771
-935
-1029
-1046
-937
-925
-1003
-999
-907
-806
-765
-685
-607
-547
-411
-244
-85
139
145
434
392
354
220
110
149
37
183
168
256
312
473
351
291
314
317
337
231
365
377
510
514
515
474
494
601
726
802
944
1027
907
954
989
1150
1039
1060
891
829
965
985
896
806
751
771
603
539
434
254
223
147
91
-11
2
125
171
174
248
270
289
310
467
569
620
710
751
717
548
576
561
481
649
579
537
719
756
772
842
846
776
926
1066
1236
1246
1242
1405
1484
1507
1505
1589
1687
1636
1645
1632
1599
1535
1311
1345
1340
1351
1268
1286
1169
905
659
489
337
122
10
36
-13
-113
-211
-312
-297
-435
-494
-732
-617
-717
-912
-805
-883
-807
-866
-924
-974
-1042
-1302
-1451
-1734
-1750
-2013
-2174
-2154
-2287
-2274
-2345
-2261
-2389
-2350
-2258
-2209
-2162
-2196
-2067
-1780
-1685
-1586
-1374
-1362
-1123
-957
-887
-815
-887
-770
-846
-827
-980
-1080
-1263
-1212
-1203
-1262
-1098
-1218
-1294
-1416
-1414
-1438
-1317
-1245
-1313
-1184
-1366
-1443
-1406
-1438
-1443
-1498
-1513
-1757
-1701
-1638
-1462
-1441
-1435
-1212
-951
-888
-806
-737
-681
-631
-517
-288
-292
-185
-183
-2
104
66
243
168
119
82
211
476
431
431
572
751
737
786
941
873
747
540
387
157
55
49
228
601
683
857
975
977
991
1059
1328
1450
1443
1698
1607
1621
1653
1508
1495
1331
1347
1274
1156
1175
1239
1292
1174
1125
1171
1231
1311
1461
1682
1755
1749
1771
1928
1840
1823
1757
1727
1651
1349
1262
1238
1102
1122
1217
1378
1491
1433
1318
1262
1122
887
770
678
664
766
840
841
865
949
1024
1084
1165
1171
1225
1258
1280
1282
1285
1224
1223
1179
1158
1079
1098
1071
933
976
964
900
1013
976
1027
1114
1077
944
876
761
633
419
303
282
330
507
407
582
633
505
368
279
258
26
-79
-364
-426
-393
-590
-523
-505
-432
-460
-414
-421
-484
-483
-347
-383
-331
-220
-21
184
289
313
496
703
625
687
788
913
936
1021
889
942
951
833
894
781
905
1074
916
867
832
695
626
526
566
460
323
333
295
327
330
40
-20
32
36
90
43
-131
-341
-563
-666
-686
-660
-907
-979
-943
-984
-1107
-1191
-1160
-1187
-1282
-1275
-1240
-1285
-1198
-1157
-993
-991
-884
-745
-643
-419
-334
-251
-208
-193
-286
-320
-453
-419
-297
-394
-436
-372
-475
-384
-377
-239
-229
5
182
264
463
534
904
938
1108
1211
1365
1500
1466
1682
1681
1771
1859
1956
1844
1746
1640
1389
1404
1208
1179
991
1007
1081
1192
1368
1376
1386
1376
1395
1457
1412
1385
1185
1151
993
848
791
495
499
381
168
-15
-169
-124
-297
-302
-388
-462
-524
-550
-507
-550
-661
-777
-690
-818
-1046
-1141
-1414
-1501
-1494
-1604
-1644
-1796
-1891
-1810
-1845
-1894
-1742
-1707
-1808
-1981
-2142
-2101
-2118
-2234
-2244
-2420
-2357
-2327
-2299
-2157
-2126
-1836
-1829
-1661
-1608
-1493
-1379
-1469
-1451
-1514
-1359
-1289
-1349
-1391
-1328
-1322
-1413
-1348
-1326
-1344
-1300
-1364
-1170
-1072
-1252
-1198
-1166
-1169
-1239
-1127
-959
-894
-762
-639
-582
-669
-634
-483
-558
-368
-125
-13
157
229
455
628
610
744
782
813
832
779
647
704
753
755
774
735
818
748
742
556
513
496
348
542
493
440
535
523
377
518
563
570
557
434
342
356
186
249
163
82
53
82
164
17
26
-19
239
269
492
594
804
884
914
1214
1148
1248
1277
1440
1574
1658
1595
1545
1490
1528
1330
1365
1316
1249
1224
1137
1136
1160
1204
1314
1291
1255
1145
1040
1026
890
846
929
1005
1000
1031
872
632
662
640
823
846
687
758
689
629
600
559
600
624
610
730
792
673
524
595
462
401
253
203
155
21
-17
49
33
-95
26
78
88
30
-10
-117
-202
-272
-161
-147
-146
-215
-291
-360
-399
-435
-369
-453
-410
-111
-165
-205
-230
-217
-309
-234
-203
-159
28
39
98
189
172
208
141
236
289
214
87
-66
-17
-75
131
104
255
248
387
410
425
549
332
358
296
320
106
121
261
188
143
221
281
104
-76
-106
-151
-313
-417
-715
-687
-639
-645
-733
-807
-819
-814
-875
-901
-858
-867
-861
-1009
-1068
-1135
-1120
-1128
-1049
-997
-1066
-824
-767
-864
-818
-739
-652
-716
-590
-414
-319
-483
-482
-519
-682
-720
-679
-558
-577
-505
-515
-508
-622
-515
-416
-364
-188
23
210
331
472
395
293
288
250
199
170
39
57
82
-1
-63
33
254
334
408
562
582
677
817
878
921
725
740
637
559
696
657
687
624
721
862
838
766
640
756
685
461
333
281
143
-39
-100
-109
-80
-163
-281
-308
-351
-412
-520
-717
-518
-639
-584
-704
-841
-835
-1044
-1052
-1316
-1430
-1498
-1609
-1546
-1661
-1732
-1901
-1872
-2033
-2230
-2217
-2239
-2280
-2339
-2189
-2291
-2163
-2085
-2152
-1979
-2231
-2338
-2356
-2492
-2297
-2362
-2349
-2279
-2178
-1996
-2102
-1900
-2049
-2218
-2164
-2231
-2003
-1965
-1980
-1849
-1884
-1773
-1797
-1924
-1775
-1591
-1425
-1536
-1503
-1380
-1411
-1363
-1368
-1090
-1095
-983
-933
-923
-893
-1055
-870
-817
-606
-467
-296
-23
132
163
464
629
630
807
834
958
1040
1071
1043
1017
1138
1304
1444
1519
1763
1859
1962
2067
1839
1738
1555
1592
1603
1623
1577
1562
1340
1182
1070
1102
1214
1017
1368
1294
1526
1419
1576
1636
1636
1790
1880
1943
1672
1684
1571
1487
1422
1272
1193
1076
1052
987
1054
1139
1210
1030
997
973
994
924
909
947
882
958
947
879
963
877
751
705
703
708
620
682
501
356
350
501
517
444
415
396
216
173
203
145
167
240
163
301
381
260
193
351
417
276
192
322
402
255
264
57
40
11
-23
102
-73
-135
-196
-320
-426
-585
-522
-669
-701
-800
-874
-691
-634
-644
-602
-339
-305
-208
-136
-275
-111
-70
-216
-423
-485
-661
-865
-1116
-1104
-1242
-1356
-1504
-1558
-1614
-1716
-1713
-1828
-1988
-2073
-2078
-2180
-2250
-2178
-2135
-2066
-1996
-1839
-1777
-1863
-1498
-1412
-1351
-1342
-1145
-973
-929
-816
-718
-599
-601
-637
-690
-649
-568
-698
-797
-341
-124
-211
-179
22
89
291
420
413
490
464
510
469
408
655
751
828
870
940
868
860
791
728
852
916
1071
1165
1201
1136
1193
1161
1326
1348
1304
1281
1151
1163
924
864
857
739
726
502
545
427
254
312
297
385
257
420
331
298
363
236
400
314
401
210
206
387
508
737
642
914
882
891
1067
926
955
928
856
797
715
812
812
708
614
552
436
211
373
617
449
553
480
420
286
154
296
175
-1
-2
21
-68
-86
45
67
-89
-49
-117
-87
-58
-132
-255
-471
-527
-311
-199
-246
-350
-376
-451
-598
-455
-455
-589
-474
-409
-341
-404
-331
-343
-466
-422
-571
-440
-433
-328
-384
-476
-403
-460
-459
-501
-520
-767
-981
-1362
-1578
-1640
-1609
-1745
-1745
-1797
-1872
-1783
-1792
-1721
-1789
-1707
-1594
-1642
-1488
-1514
-1490
-1589
-1457
-1505
-1402
-1422
-1563
-1451
-1501
-1255
-1152
-1083
-1022
-908
-803
-862
-988
-983
-977
-1056
-1005
-1019
-799
-844
-761
-541
-548
-355
-495
-350
-397
-420
-386
-303
25
-7
175
197
294
207
129
337
244
430
398
501
526
672
768
647
724
818
831
710
615
632
769
851
1078
1221
1157
1088
926
913
840
788
592
581
712
558
503
232
166
210
180
18
134
187
314
254
289
583
386
468
495
366
384
424
174
90
123
303
238
260
318
51
-12
-59
-69
-167
-290
-76
15
73
92
9
64
54
106
43
129
151
397
513
493
588
620
556
536
769
820
778
847
1211
1278
1167
1358
1125
889
856
812
824
652
519
651
585
391
276
274
422
301
210
10
-147
-361
-262
-373
-407
-536
-773
-817
-961
-1003
-1185
-1236
-1514
-1418
-1406
-1565
-1458
-1409
-1378
-1312
-1090
-1059
-1084
-1129
-753
-527
-558
-447
-423
-421
-455
-503
-501
-432
-488
-347
-267
-221
-142
-268
-101
-29
35
131
92
182
-22
-47
40
288
353
415
784
858
872
893
639
420
408
330
485
560
703
754
765
807
1032
1200
1137
1303
1199
1221
1164
1101
919
673
890
846
836
850
882
1096
1096
1279
1361
1403
1389
1163
1090
1003
1170
1402
1437
1421
1309
1330
1415
1370
1399
1296
1236
1180
1184
1145
1031
1039
891
951
912
749
795
633
722
879
950
999
1152
1192
1275
1430
1548
1621
1590
1386
1206
1066
946
865
686
823
529
408
262
-53
-98
-127
-161
-447
-711
-652
-620
-827
-746
-735
-1023
-1154
-1284
-1287
-1249
-1097
-911
-631
-436
-216
-21
-228
-396
-507
-622
-883
-1127
-1044
-1200
-1224
-1118
-1148
-1073
-1033
-1131
-1316
-1456
-1315
-1116
-1075
-1084
-873
-710
-718
-712
-636
-592
-601
-482
-398
-379
-404
-456
-342
-329
-544
-647
-725
-705
-811
-705
-648
-711
-708
-735
-486
-595
-643
-631
-591
-545
-638
-567
-442
-501
-382
-232
-106
-28
228
263
118
-55
-276
-244
-360
-326
-304
-349
-216
-338
-418
-569
-507
-533
-508
-498
-453
-384
-446
-431
-454
-402
-245
-215
-143
-127
-250
-261
-328
-311
-366
-367
-452
-357
-439
-415
-258
-329
-283
-217
-110
-196
-259
-34
117
126
128
186
245
498
890
1053
1029
952
1139
1096
1065
1041
1148
1179
1188
1227
1033
985
849
990
1104
1407
1330
1316
1461
1549
1618
1704
1707
1698
1792
1775
1789
1866
1748
1757
1672
1598
1474
1238
1434
1429
1495
1608
1731
1709
1581
1518
1505
1435
1533
1454
1337
1201
1087
862
458
428
372
230
226
190
-172
-660
-778
-799
-962
-1087
-1101
-1236
-1187
-1228
-1281
-1323
-1181
-1138
-1174
-989
-1116
-1096
-1080
-1163
-1093
-930
-965
-913
-746
-607
-742
-724
-739
-904
-1045
-1136
-991
-1081
-1051
-1143
-1115
-1172
-982
-729
-531
-355
-57
201
221
338
229
334
275
116
16
152
-20
-100
67
126
426
273
263
453
413
148
153
43
-249
-106
26
-43
-66
36
70
138
305
413
238
327
243
58
-193
-429
-563
-749
-980
-1316
-1381
-1445
-1595
-1642
-1814
-1625
-1149
-955
-1003
-666
-515
-393
-216
50
339
521
907
1145
1289
1241
1321
1288
1414
1396
1167
1359
1202
1006
813
945
1030
1171
1431
1443
1497
1406
1488
1555
1501
1520
1633
1729
1726
1801
1830
1842
1919
1833
1704
1569
1488
1379
1292
1300
1309
1260
1223
1120
1181
1184
1306
1313
1118
1163
1192
1353
1385
1263
1341
1388
1310
1197
1308
1362
1114
1014
1084
930
829
593
566
305
78
-66
-297
-308
-349
-176
-260
-344
-358
-351
-293
-396
-212
-70
49
281
407
488
336
172
-50
-17
-294
-489
-397
-487
-329
-502
-584
-506
-429
-305
-242
-102
-143
-343
-461
-569
-602
-373
-312
-142
-118
-55
36
40
-26
-172
-178
-269
-342
-231
-452
-553
-488
-431
-456
-373
-206
-110
130
372
633
635
846
899
712
617
364
279
9
-137
-300
-247
-296
-326
-154
-315
-492
-493
-637
-913
-810
-710
-669
-537
-610
-512
-909
-966
-925
-1185
-1310
-1360
-1221
-1326
-1198
-1026
-938
-968
-846
-876
-735
-470
-601
-656
-774
-871
-897
-1021
-967
-1055
-1000
-1017
-982
-930
-854
-631
-569
-533
-369
-292
-166
-131
-178
-149
57
98
73
130
58
193
254
245
310
322
366
384
546
594
405
514
345
388
539
351
393
337
452
598
617
474
467
394
341
358
349
348
226
335
313
396
343
571
530
591
677
734
686
539
574
360
290
95
183
-37
-141
-133
-201
-388
-404
-583
-868
-981
-1047
-1006
-1008
-1068
-1051
-919
-963
-996
-877
-1008
-1065
-1020
-1032
-1087
-1081
-1121
-1140
-1106
-1290
-1396
-1627
-1549
-1606
-1636
-1347
-1219
-1092
-830
-662
-551
-542
-561
-690
-680
-614
-679
-828
-799
-663
-579
-354
-452
-685
-711
-883
-844
-1119
-923
-842
-831
-732
-823
-717
-467
-303
-300
-192
-106
-195
-123
-191
-249
-324
-241
-42
-283
-400
-493
-473
-556
-431
-311
-133
-72
-155
-291
-322
-128
