-776
-876
-1115
-1165
-1196
-1142
-1019
-1200
-1081
-1015
-1252
-1146
-1232
-1368
-1410
-1566
-1445
-1534
-1655
-1785
-1696
-1856
-1920
-2007
-2144
-1949
-2020
-2044
-2057
-1949
-1976
-2017
-2005
-1976
-1891
-1981
-1984
-2103
-2087
-1965
-1917
-1889
-1727
-1724
-1853
-1644
-1545
-1401
-1301
-1242
-1053
-1301
-1048
-960
-965
-864
-1087
-1143
-964
-765
-817
-754
-672
-533
-562
-373
-219
-25
93
93
183
107
72
-34
92
274
423
526
676
859
912
1054
908
984
1013
859
866
863
936
1077
1057
1106
1047
955
953
794
786
660
605
677
573
561
522
432
58
68
10
-35
-49
-11
41
-75
74
-97
-128
32
-54
-130
-252
-199
-162
-86
-194
-341
-321
-303
-331
-348
-186
-216
-87
41
20
247
359
277
203
169
118
-69
-286
-136
-190
-322
-257
-438
-597
-746
-793
-907
-981
-968
-1045
-1052
-1211
-1310
-1339
-1341
-1133
-1113
-886
-839
-690
-760
-814
-879
-923
-960
-1079
-894
-810
-778
-788
-675
-730
-635
-591
-861
-809
-846
-717
-746
-807
-950
-999
-815
-810
-721
-509
-431
-280
-47
-223
-51
207
358
430
437
524
455
421
445
395
456
519
716
893
926
1101
1275
1411
1523
1739
1739
1967
2027
1968
1994
1914
1863
1867
1791
1897
1797
1746
1831
1869
1735
1641
1609
1578
1322
1206
1259
1185
1197
960
1156
1242
1318
1455
1641
1799
1769
1892
2237
2097
2228
2101
2059
1963
1622
1664
1669
1591
1688
1728
1611
1450
1232
1267
1320
1214
1186
1163
1172
1056
1121
1153
1063
877
840
929
926
898
629
850
728
778
996
927
933
981
905
750
752
574
657
482
548
580
703
746
485
378
319
356
217
346
237
262
168
78
22
-45
124
-248
-348
-356
-425
-443
-643
-697
-905
-1027
-957
-1080
-1198
-1128
-1218
-1315
-1430
-1417
-1652
-1685
-1809
-1624
-1489
-1644
-1627
-1676
-1751
-1731
-1716
-1579
-1527
-1946
-1879
-1585
-1458
-1371
-1474
-1585
-1719
-1748
-1673
-1662
-1562
-1647
-1782
-1658
-1507
-1506
-1545
-1739
-1537
-1551
-1523
-1431
-1531
-1603
-1394
-1531
-1588
-1495
-1569
-1358
-1412
-1222
-1358
-1201
-1103
-1234
-1193
-1316
-1615
-1603
-1637
-1605
-1579
-1765
-1882
-2056
-2013
-1996
-1957
-1693
-1648
-1603
-1537
-1433
-1472
-1309
-1255
-1443
-1331
-1396
-1525
-1623
-1455
-1405
-1331
-1223
-1176
-895
-771
-826
-665
-516
-405
-395
-459
-368
-459
-553
-602
-556
-617
-626
-569
-606
-517
-451
-180
-157
-36
45
117
227
270
312
304
149
5
-57
-208
-37
-71
124
68
263
535
448
529
677
948
723
1105
1047
1079
1145
1073
1106
1056
1021
909
961
930
1064
870
901
891
1019
869
872
921
904
976
660
682
392
422
380
219
273
91
185
152
176
330
392
332
179
68
90
164
85
35
-60
-230
-145
-329
-288
21
-4
47
-23
-72
16
-53
-163
-133
-226
-362
-521
-745
-695
-915
-853
-684
-779
-726
-532
-554
-697
-417
-296
-317
-111
-234
-290
-237
-232
-105
-170
-54
-96
50
45
260
465
586
586
542
640
697
649
732
894
656
880
795
852
867
911
898
810
975
899
860
780
844
646
507
682
714
848
942
1096
979
887
971
1127
1192
1222
1473
1576
1564
1440
1644
1911
1955
1999
2030
1994
2052
2102
1913
1852
1801
1541
1592
1459
1562
1635
1469
1447
1351
1454
1217
1186
1390
1094
1283
1207
1097
984
748
651
699
784
922
964
998
1118
1154
1211
1302
1269
1159
1165
1119
1154
1228
1168
1168
1097
1252
1070
759
710
521
491
633
484
536
525
560
489
328
366
242
48
-66
-155
-522
-682
-831
-984
-1064
-1036
-941
-856
-843
-1029
-957
-1004
-1099
-1111
-1155
-1194
-1208
-1295
-1351
-1275
-1316
-1223
-1108
-1121
-1112
-1206
-1213
-1381
-1298
-1085
-1173
-1184
-980
-974
-942
-916
-718
-525
-535
-658
-483
-421
-551
-412
-425
-263
-304
-414
-392
-323
-318
-173
-183
-308
-312
-233
-70
-236
-175
97
130
-37
-233
-365
-294
-312
-359
-374
-372
-427
-584
-895
-914
-881
-1079
-1140
-1362
-1421
-1573
-1248
-1356
-1523
-1496
-1578
-1353
-1483
-1547
-1490
-1703
-1797
-1510
-1421
-1499
-1285
-1222
-1210
-1328
-1143
-917
-834
-735
-806
-709
-605
-470
-476
-460
-442
-231
-184
-135
-47
-44
-27
167
312
415
430
359
375
389
350
251
494
467
526
727
783
916
977
1108
1215
1186
1319
1372
1411
1305
1114
1058
928
883
837
814
1018
1013
1002
796
635
625
539
400
543
566
570
650
673
773
574
617
576
539
520
759
756
870
943
1091
1045
1069
990
929
1076
939
1064
902
1120
1182
1169
1233
1089
1185
1233
1234
1387
1440
1368
1379
1364
1439
1446
1319
1125
1050
1114
1211
1164
1350
1212
1150
1260
1125
1221
1254
1283
1301
1255
1133
1036
949
947
801
616
585
517
489
505
561
522
530
529
465
507
499
310
280
113
26
-108
-329
-334
-469
-564
-659
-701
-749
-816
-821
-735
-602
-702
-624
-363
-264
-175
-51
64
238
261
185
96
36
-40
-87
-55
136
91
226
51
58
192
341
498
570
534
736
866
774
714
646
627
636
682
719
806
618
372
397
447
354
581
551
667
636
531
442
481
411
332
218
185
317
339
274
231
495
446
638
571
723
818
913
954
843
886
1075
941
731
775
817
796
679
654
584
544
404
292
481
184
76
19
-1
-84
-267
-147
-283
-510
-348
-442
-313
-237
-341
-336
-401
-298
-400
-412
-406
-531
-574
-443
-444
-581
-602
-902
-859
-929
-978
-1051
-1036
-1082
-985
-1027
-1112
-961
-1141
-1080
-1079
-1058
-1132
-989
-887
-716
-952
-775
-611
-631
-484
-471
-425
-474
-466
-448
-452
-304
-154
-230
-151
-143
-181
-241
-273
-263
-335
-536
-585
-643
-762
-845
-586
-406
-533
-584
-477
-452
-467
-548
-615
-541
-600
-618
-746
-721
-673
-629
-494
-373
-238
-418
-283
-81
51
46
-14
30
18
-113
-90
99
102
152
83
62
-5
84
-31
100
208
153
-92
-257
-17
86
184
154
122
380
339
274
482
573
759
550
448
358
306
323
354
241
120
260
428
431
436
322
330
369
326
330
452
537
579
823
733
615
543
338
244
134
99
7
23
-6
-338
-368
-403
-520
-376
-411
-329
-236
-337
-284
-49
-69
-69
-3
-14
311
318
366
371
457
748
989
1003
812
1021
876
882
855
1092
1142
1052
1118
1003
953
907
1036
1031
1177
1252
1313
1299
1360
1576
1408
1573
1617
1430
1523
1337
1338
1422
1322
1213
1287
1240
1071
1159
1209
1031
841
858
761
823
822
863
795
887
673
667
758
719
932
880
840
535
668
449
223
206
357
449
444
325
311
366
174
27
-195
-196
-140
-182
-416
-477
-548
-632
-561
-611
-869
-818
-715
-710
-592
-676
-999
-923
-1043
-1047
-903
-933
-715
-761
-960
-888
-1062
-1000
-992
-999
-1129
-1375
-1177
-1333
-1403
-1414
-1412
-1483
-1484
-1516
-1513
-1469
-1430
-1334
-1362
-1334
-1258
-1035
-929
-1029
-951
-1008
-983
-875
-860
-701
-755
-820
-938
-986
-1168
-1054
-1140
-1110
-982
-1001
-923
-963
-855
-1071
-1077
-967
-1005
-916
-932
-1010
-883
-929
-972
-1035
-783
-649
-932
-838
-908
-876
-872
-1176
-970
-921
-1017
-1044
-820
-908
-953
-950
-902
-774
-677
-441
-382
-272
-349
-212
-38
-243
-164
-215
-213
-286
-123
46
-96
28
-35
6
14
-14
52
-130
-15
44
-57
-127
-217
-296
-190
-116
-141
-159
-147
-33
78
101
391
551
400
438
467
503
373
477
483
366
546
505
386
353
261
197
86
165
380
483
532
611
762
838
822
739
675
638
425
299
393
343
355
363
371
592
612
626
691
771
767
624
701
860
753
772
679
660
764
658
531
529
470
461
714
648
755
791
860
934
975
941
808
823
952
743
609
438
342
459
178
39
142
83
60
44
-88
-89
-74
54
-86
-116
-248
-526
-362
-508
-466
-327
-266
-181
-190
-274
-354
-275
-388
-246
-130
-162
-306
-234
-255
-295
-166
-113
64
87
46
171
311
215
232
241
296
404
387
408
391
299
276
297
398
598
691
648
780
605
517
523
448
498
517
490
491
565
697
636
604
757
520
661
688
568
588
521
680
400
522
582
639
679
656
643
730
602
556
579
651
733
401
635
418
471
476
345
345
272
362
222
200
74
-8
-47
-213
-405
-593
-694
-641
-644
-783
-791
-821
-908
-1148
-1025
-1009
-1024
-923
-969
-993
-1089
-1150
-1205
-1360
-1424
-1354
-1341
-1405
-1284
-1297
-1358
-1538
-1545
-1527
-1635
-1359
-1406
-1351
-1193
-1205
-1101
-875
-877
-835
-560
-688
-561
-444
-503
-410
-518
-422
-347
-412
-270
-389
-399
-345
-379
-468
-616
-772
-778
-835
-961
-1062
-1052
-1135
-1218
-1322
-1442
-1388
-1495
-1463
-1574
-1767
-1755
-1727
-1747
-1721
-1774
-1806
-1815
-1849
-2013
-1998
-2010
-2074
-2199
-2273
-2164
-1962
-2046
-2150
-2150
-2437
-2448
-2344
-2126
-2002
-1746
-1477
-1470
-1360
-1390
-1354
-1292
-1173
-983
-1072
-1256
-1252
-1364
-1516
-1582
-1584
-1675
-1670
-1571
-1467
-1481
-1527
-1485
-1568
-1417
-1294
-1432
-1468
-1461
-1338
-1406
-1389
-1414
-1388
-1261
-1314
-1304
-1233
-1127
-1106
-1071
-1087
-909
-834
-808
-785
-683
-639
-736
-659
-796
-782
-760
-709
-660
-441
-372
-273
-124
138
314
94
29
109
193
252
454
791
882
1031
1017
1176
964
1054
1223
1114
1137
1126
1268
1058
1170
1216
1214
1012
1130
1278
1184
1387
1369
1437
1607
1628
1738
2084
2195
2245
2295
2518
2583
2372
2351
2145
2161
2139
2050
2171
2173
2053
2109
2187
2020
2229
2313
2163
2196
2242
2205
2298
2244
2181
2179
1951
1871
1791
1827
1754
1657
1771
1544
1701
1675
1611
1678
1769
1695
1763
1633
1677
1703
1513
1507
1524
1614
1431
1396
1293
1335
1061
894
761
771
772
740
690
736
736
502
221
24
-152
-376
-178
-119
-237
-250
-339
-544
-650
-579
-703
-672
-430
-457
-507
-661
-569
-458
-375
-437
-400
-311
-306
-151
-254
-319
-193
-243
-333
-228
-380
-427
-511
-567
-523
-637
-727
-704
-697
-667
-616
-784
-571
-487
-521
-392
-230
-216
-250
-289
-143
-252
-337
-249
-294
-125
-194
-311
-50
-114
-4
15
128
203
185
236
253
293
350
355
395
379
314
393
463
295
321
514
438
397
231
183
57
80
314
163
72
-17
-185
-368
-373
-266
-249
-241
-297
-255
-342
-303
-386
-315
-271
-191
43
-262
-267
-399
-361
-373
-451
-352
-387
-425
-394
-396
-624
-528
-653
-733
-806
-861
-881
-923
-1038
-996
-1074
-1220
-1137
-1045
-1185
-1357
-1292
-1349
-1235
-1226
-1359
-1587
-1355
-1139
-1014
-1126
-910
-807
-856
-820
-823
-726
-881
-1003
-1102
-1223
-1259
-1280
-1341
-1127
-1502
-1377
-1522
-1515
-1612
-1726
-1755
-1878
-1847
-1997
-1790
-1873
-1588
-1560
-1522
-1508
-1418
-1128
-1125
-948
-1009
-1149
-1385
-1357
-1545
-1359
-1160
-958
-819
-927
-666
-596
-616
-695
-685
-732
-1026
-1179
-1110
-1061
-1148
-1302
-1165
-1141
-1079
-949
-899
-905
-739
-752
-896
-808
-773
-566
-508
-323
-388
-353
-315
-273
-54
-280
-81
-79
7
165
77
239
108
320
585
685
744
662
841
1046
955
991
832
874
1016
975
755
937
971
868
1209
1412
1415
1454
1677
1746
2057
1836
1878
2044
2045
2264
2024
2251
2476
2287
2261
2274
2350
2167
2270
2310
2409
2673
2315
2270
2529
2537
2378
2584
2433
2417
2403
2184
2159
1738
1656
1543
1760
1807
1780
1706
1882
2152
1971
1605
1603
1719
1757
1950
1975
2051
2199
2324
2336
2434
2317
2182
2098
2225
2264
2205
2113
2126
2336
2322
2160
2077
1891
1796
1638
1609
1733
1569
1454
1298
1521
1528
1079
1058
1190
995
862
739
695
667
518
566
595
691
810
588
580
765
747
632
656
659
520
531
423
483
671
600
516
502
590
526
409
502
453
323
262
258
564
338
-60
-199
-311
-365
-610
-573
-790
-886
-813
-990
-895
-1079
-1208
-1418
-1270
-1449
-1518
-1691
-1843
-1708
-1852
-1730
-1692
-1533
-1351
-1356
-1661
-1737
-1796
-1929
-2024
-1716
-1891
-2199
-2465
-2573
-2451
-2605
-2556
-2808
-2738
-2886
-2960
-2873
-2882
-2758
-2676
-2412
-2397
-2475
-2510
-2515
-2502
-2411
-2366
-2459
-2256
-2203
-2209
-2274
-2245
-2119
-1889
-1848
-1604
-1514
-1443
-1157
-1089
-906
-514
-687
-536
-298
-212
-203
-183
16
97
565
396
486
699
831
1100
964
1138
1274
1223
1252
1434
1507
1785
1955
1885
2144
2295
2430
2438
2536
2685
2792
2819
2891
3199
3185
2944
3037
3119
3168
3114
3110
3151
3111
3065
2977
2956
3117
3080
3059
3036
2884
2974
2795
2521
2491
2165
1869
1519
1348
1139
702
519
265
237
-102
-471
-879
-1111
-1354
-1774
-2066
-2329
-2562
-2932
-3294
-3668
-4094
-4404
-4555
-4910
-5264
-5531
-5756
-5976
-6262
-6500
-6863
-6891
-6978
-7065
-7067
-7400
-7884
-7696
-7146
-6850
-7070
-7398
-7885
-6755
-5371
-5305
-6114
-5808
-4090
-3538
-3283
-3291
-2159
-1596
-1149
-379
336
543
960
2207
3326
3713
3534
4254
5405
6091
6297
6201
6820
7545
7592
7621
7495
7785
7848
8035
8073
7466
7071
6776
6961
7332
7112
6097
5501
5704
5948
5394
4683
4084
3674
3252
2867
2360
1891
1744
1475
1475
762
296
372
710
732
488
602
635
913
922
938
1203
1069
882
987
1278
1144
814
1089
1428
1425
1206
942
913
674
291
361
138
-318
-646
-1036
-1426
-1851
-1846
-2071
-2516
-3209
-3820
-3859
-4199
-4524
-5417
-5794
-5948
-5963
-6371
-6794
-6436
-6385
-6726
-7830
-7314
-5949
-5994
-7435
-8119
-6414
-5784
-5971
-6057
-4872
-4270
-4140
-3684
-2689
-1553
-1837
-786
1451
2510
2196
2677
4597
5973
6098
6348
7056
8593
9026
8845
8789
9618
9856
9265
9553
9204
8752
7974
7949
7987
7428
6787
5444
5299
5583
4893
3646
2965
2542
1976
1459
787
-35
-157
-322
-900
-1627
-2272
-1664
-1194
-1247
-2552
-2854
-2230
-1699
-1406
-1775
-1341
-1725
-1129
-672
75
33
-508
-168
436
1241
435
321
735
1163
810
563
814
1014
508
32
89
294
-596
-828
-870
-1234
-2184
-2848
-2447
-2437
-3035
-3750
-3952
-4052
-4006
-4652
-4999
-5617
-5916
-6619
-6375
-6948
-8065
-8626
-8628
-8503
-8920
-8776
-9290
-9171
-8823
-9026
-10165
-10282
-8681
-8349
-9450
-10018
-8634
-7963
-8331
-8432
-7262
-6180
-5901
-5268
-3765
-2686
-2511
-950
724
1524
1168
2442
4278
5494
5799
6176
7118
8461
9106
8824
8938
9663
10362
10483
10590
9787
9564
9616
9731
9388
9251
8638
7418
7530
7589
7055
5869
5355
4975
4897
4803
3717
2420
2080
3074
2553
1972
989
1038
1645
1984
1608
1009
1497
2040
2535
2647
2698
2509
2910
4038
4525
4190
3887
3899
5041
5693
4949
4113
4754
5215
4777
4935
4772
4201
4052
4178
4043
3219
2703
1966
2447
2554
1502
-69
-320
17
-475
-665
-1872
-2967
-3015
-2901
-3612
-4907
-5562
-6322
-6442
-6954
-8477
-9777
-9936
-10114
-10090
-10839
-11200
-11346
-11027
-12435
-13531
-10344
-10468
-11449
-13463
-10277
-10125
-10871
-11362
-10100
-7763
-8957
-8391
-7445
-4495
-5369
-3651
-1427
-202
-651
792
3932
5166
5321
5314
7251
8842
9764
8485
9193
9882
10845
10043
10272
9640
8935
9631
9472
9638
8407
7774
6634
7048
6554
5850
4718
4209
3379
2968
2021
1293
303
-44
13
-572
-1011
-2126
-1897
-2169
-1673
-2240
-1773
-1832
-802
187
355
55
155
1077
1461
2082
2898
3371
2963
3631
4266
5109
4660
4763
4710
5863
6157
5606
5400
5937
6284
5974
6099
5414
5477
5185
5129
4258
4210
3900
3050
2986
1909
370
314
1030
475
-966
-2506
-3502
-3424
-2690
-4260
-6489
-7974
-8106
-8365
-9038
-10692
-13470
-13819
-14378
-13883
-15241
-15350
-15980
-16408
-17573
-18656
-15579
-15475
-15433
-17992
-14812
-14480
-14479
-14316
-12497
-9917
-10880
-9171
-8104
-4345
-4364
-1775
88
1673
2518
4101
6989
8496
9769
10566
12232
13743
14493
13989
14288
15131
15916
15520
14700
13328
13317
13071
12289
11664
10744
9275
7708
6339
5246
4910
3848
3059
1584
641
-1036
-1667
-2209
-2997
-3524
-4216
-4549
-5775
-5582
-5080
-5015
-5163
-4970
-4140
-3712
-2722
-1107
-1107
-1443
-1881
962
2450
2769
2246
2711
3847
3964
4434
4282
5054
4232
4813
5099
5225
4628
4936
5276
5306
4914
4401
4281
4852
3999
2486
1850
2360
2177
1302
697
-489
-1269
-1223
-1017
-1805
-3203
-4612
-5268
-5181
-5349
-6934
-8647
-9318
-9181
-9678
-11318
-14012
-15437
-16201
-16699
-17508
-17047
-17525
-16910
-17804
-19873
-22746
-20765
-16226
-15377
-17253
-19644
-15650
-14583
-13730
-14278
-9999
-8142
-7208
-5542
-3508
-1135
-226
4996
7986
9946
8843
11485
15870
18486
18933
19258
21834
23494
24227
23573
24101
25002
25759
25192
24046
22389
21159
19775
19133
18289
16246
12614
10282
9329
8289
6013
3248
1683
-142
-1475
-3989
-5202
-6575
-6760
-7543
-8825
-9953
-10208
-9248
-9165
-8835
-8896
-7185
-5612
-4359
-3930
-2148
572
2263
2574
4472
7170
9844
10097
10566
11408
13728
14480
14888
14982
14796
15041
15519
16184
14428
13615
12625
12700
11144
9486
7760
6767
6492
4592
2172
-135
-1342
-2325
-4197
-6514
-8613
-9871
-11415
-12579
-13955
-15867
-17079
-17824
-18108
-19862
-21373
-21976
-22474
-23004
-24601
-25356
-27053
-27345
-27034
-25864
-25331
-26450
-22408
-20371
-21948
-29211
-24101
-13129
-10337
-17231
-21947
-13179
-10347
-8734
-11571
-4830
-4365
-3137
-255
3669
4028
2496
11404
16095
16457
10866
14462
20021
24086
22652
20314
21413
23948
24876
22381
20733
20813
21348
20137
17545
14597
11567
9256
9494
9593
6727
175
-2895
-1871
-934
-3222
-7782
-9962
-10368
-9848
-10929
-12199
-14403
-13943
-12055
-10580
-12081
-12987
-11142
-8193
-6125
-5917
-5188
-3120
284
3608
5160
6101
8610
11300
13659
13721
15316
15879
18668
19025
19642
18377
18306
17407
17373
16822
14897
13762
12256
12060
9453
7933
5725
5381
3470
1731
-902
-1863
-3383
-4770
-6680
-7676
-9074
-9764
-10980
-12095
-13279
-13528
-13426
-14103
-14031
-14844
-14723
-15575
-14875
-15260
-15465
-16951
-16599
-16821
-17019
-18771
-20375
-20265
-19655
-17768
-19623
-12320
-13820
-19885
-31180
-18129
-4809
-5641
-19060
-22187
-8770
-10075
-9337
-14591
-1828
-6164
-2290
-1759
3692
-302
3
14538
18595
16538
5625
14084
21395
27573
22582
20408
22986
26931
27288
23419
22738
23763
25150
24032
20406
15928
11933
11509
13862
13265
7467
-1964
-3236
-446
1961
-4456
-10220
-11573
-10137
-10122
-13198
-14869
-17059
-13931
-12128
-11184
-14454
-14206
-10529
-5716
-2941
-4639
-4328
-404
6307
8574
7812
8898
13096
17680
19380
20733
20020
19781
21300
24697
25460
22153
19117
18439
19919
17613
14531
11755
12327
11385
8386
4721
2547
2756
1969
1065
-1350
-3155
-5304
-6060
-5540
-6491
-7957
-9769
-9994
-10507
-10457
-11137
-11446
-11365
-10423
-10516
-12402
-12686
-12733
-10714
-11031
-10909
-13308
-14037
-15078
-14024
-15373
-16922
-18367
-18141
-19618
-16337
-7441
-11608
-24618
-30841
-11016
-856
-5960
-21959
-15703
-8792
-6505
-10446
-8079
-2689
-4424
1908
3131
4010
-4214
8129
19837
23651
12873
9398
17372
26973
31427
25814
23954
24627
30144
29181
26251
22849
23706
25533
24402
18654
11571
7794
9267
12263
9477
96
-8184
-8162
-5109
-4490
-9784
-14246
-17123
-15860
-14474
-14907
-18201
-18414
-13977
-11303
-11841
-14068
-11561
-5717
-1064
-1306
-2267
1227
7134
10850
11181
13107
15721
18210
19559
21444
23207
22402
21186
19759
21411
21054
18980
15970
14434
12228
8499
7364
7019
5504
781
-1804
-3984
-4878
-5793
-5481
-6433
-9378
-11965
-13454
-12764
-11839
-10807
-11983
-14238
-15512
-13953
-11703
-11444
-11741
-11792
-11728
-11826
-11100
-10139
-9840
-10145
-9958
-11309
-13066
-13765
-13287
-14746
-16617
-19152
-20389
-21926
-22658
-17661
-9024
-12501
-25763
-32390
-17717
-5727
-8575
-20316
-19667
-14324
-12013
-11814
-10367
-4900
-5433
-885
346
2186
-1731
6749
17062
21227
14531
10694
16751
24073
27822
24695
24147
24531
26063
24774
22939
20655
20527
21673
19448
13984
7541
3787
4631
6703
4501
-3165
-10404
-11544
-9469
-8418
-10986
-14254
-16981
-17210
-15645
-14153
-14294
-14234
-11596
-8949
-7271
-7905
-4836
440
4398
4485
4908
9561
14169
16317
16601
19792
21105
21601
22281
25901
26274
23111
19974
20225
21012
19693
16975
13657
11189
7816
6192
4664
3923
448
-1959
-5042
-7184
-8852
-8251
-7628
-9027
-11360
-13584
-12837
-11870
-10175
-9556
-10143
-11605
-11514
-9090
-7318
-6466
-6746
-6673
-6073
-4436
-4236
-5652
-5069
-3050
-3734
-7592
-9656
-9061
-9161
-11366
-14276
-16839
-17461
-18632
-16394
-11602
-13862
-25641
-32768
-21272
-9643
-9988
-20067
-19705
-16332
-12308
-13072
-10963
-4786
-1671
2490
2462
4045
2516
11831
20883
25897
21297
18675
21322
27155
32366
31058
29404
28283
29350
27140
23713
20534
20387
21065
18284
10794
2988
-1281
-950
414
-1280
-9284
-17654
-19770
-16622
-14740
-17894
-20851
-21472
-19553
-19296
-18490
-17179
-13024
-8639
-5454
-4442
-3507
395
6812
13568
14982
14219
15951
22309
26882
27629
27609
29205
29972
29892
30204
30126
28101
24296
22283
20652
18183
13945
10396
7235
4516
620
-3122
-5705
-7360
-9090
-12226
-14813
-16919
-17293
-16462
-14746
-15214
-15797
-16533
-14941
-12575
-9894
-8041
-7168
-7035
-5869
-2912
-670
158
389
1342
1367
1311
252
-258
180
91
-3573
-7878
-8960
-9910
-13049
-16931
-19691
-23072
-26504
-25203
-16285
-11864
-19165
-30970
-29637
-18069
-11017
-12789
-16902
-15849
-15144
-10770
-9888
-4200
-1404
4320
6577
7805
5786
7975
17247
24474
27289
21968
19732
19640
25717
28216
27630
24607
22970
21333
17072
12303
10491
11933
11101
5770
-1894
-9436
-12457
-10538
-7281
-9393
-17710
-23891
-24080
-19639
-17057
-16296
-17311
-17642
-17073
-14091
-10642
-7169
-2499
1407
4002
4766
7090
11594
17614
20836
21129
21035
23045
25306
26055
26473
26872
25355
22579
20573
20016
18535
15173
11593
7985
4638
1481
-1340
-4571
-6896
-10144
-12953
-15254
-15985
-16433
-16801
-17693
-19294
-18956
-16974
-13594
-12020
-10384
-9890
-8344
-5863
-2112
948
2110
2686
3714
5951
6915
7286
7351
7220
6546
5707
4371
1283
-493
-1264
-2294
-7349
-11392
-13741
-15227
-19211
-22594
-25253
-27960
-28257
-29724
-24032
-18494
-17896
-28555
-31765
-22890
-10133
-6809
-9716
-8701
-7662
-3808
-3063
5215
9822
14167
15421
18043
16896
16016
21571
28296
32660
27504
23165
19522
21592
22573
22160
20126
16726
12584
5376
3
-2221
40
-256
-4851
-11629
-18367
-21589
-20505
-14999
-13122
-16394
-21290
-22106
-18930
-13563
-8103
-5422
-4919
-4293
-783
2922
6975
11413
16284
19036
18957
19624
22142
25066
25741
25542
25560
25456
23676
20793
18894
17639
16438
13402
9751
5740
2546
-124
-2223
-5106
-7849
-9849
-11892
-13912
-14995
-15274
-15757
-15138
-13866
-11622
-11605
-11520
-10757
-6799
-2768
154
2078
3437
4422
6267
9060
11652
13077
12181
11535
11086
10785
10161
8913
6379
3509
1701
-192
-3942
-7881
-9553
-10893
-14575
-18411
-20831
-21990
-24161
-25255
-27604
-28480
-30573
-29614
-27167
-23838
-22543
-14846
-9632
-14392
-22113
-15582
437
10379
10632
7609
7602
7480
10920
15555
22715
21615
22494
21772
20831
14301
14723
18815
23750
20960
12909
4430
518
2295
3937
4336
1093
-3798
-11266
-16985
-17659
-12244
-7645
-8669
-13703
-18081
-20330
-18945
-11940
-3038
199
-3688
-8224
-7135
74
8905
13537
13141
11798
12241
14208
15140
17006
20722
23943
22492
18445
15588
13603
12843
13902
15714
13843
7984
1747
-1517
-274
1793
1179
-2934
-6861
-9385
-9512
-9596
-9287
-7756
-7115
-7726
-9171
-8236
-6904
-4080
-750
2850
2734
1369
574
2933
6707
10240
11505
10525
8522
7435
7732
9315
10404
8708
4848
1623
-60
-886
-1673
-3675
-6786
-9463
-11147
-13638
-16108
-16865
-15972
-17439
-19844
-21012
-19668
-19335
-18148
-17391
-17435
-17226
-15090
-13503
-13037
-11101
-7800
-5793
-1635
6341
6468
-1796
-6552
4538
14335
16556
11607
12567
8835
6794
4436
10033
11428
10787
9940
8453
2841
-3039
615
5401
8063
2216
-1287
-4952
-3933
-4026
-1889
209
2039
-163
-5437
-7985
-6303
-1080
3343
4976
2544
-2540
-5566
-3098
4234
9703
8752
4330
1969
3304
6097
8992
10436
10585
10114
8893
6324
4936
6900
10311
12457
11254
7638
2234
299
3239
7555
8572
6142
2363
80
-930
750
3459
4477
3274
647
-919
-1869
-1350
-80
2348
2413
770
-1805
-1511
-614
1371
2490
2342
459
-1389
-1960
-596
1380
2375
1912
207
-1835
-3293
-2185
-1681
-2457
-4530
-5638
-6977
-8162
-8758
-8977
-10083
-11752
-11695
-11217
-11425
-13264
-13024
-12714
-12152
-11883
-11154
-10818
-11057
-11527
-11711
-10747
-9932
-8540
-6479
-4926
-1206
4683
3211
-5213
-7823
594
7930
11502
9265
8403
2783
1318
155
6053
6572
7923
7603
7027
766
-3486
-425
4661
7707
4644
1968
-3215
-3915
-3207
1310
3879
4860
2609
-1400
-4378
-4886
-529
4081
6692
4123
-823
-4632
-3300
1966
5966
6590
4093
2209
759
1771
3531
5639
6773
6881
6085
4459
3399
3368
5766
8089
8801
7775
6541
5008
2856
2558
5708
9855
9424
5383
2421
2343
3464
4630
6433
6280
4343
471
-1336
-478
1595
1752
741
14
-1606
-3289
-4879
-3900
-2938
-2106
-2816
-3593
-5442
-7085
-6105
-3145
-233
-478
-2401
-4934
-5838
-4673
-2073
-875
-2663
-4689
-5921
-6326
-7032
-6200
-5617
-6123
-7349
-8494
-9222
-10024
-9914
-9789
-9819
-9754
-10146
-11494
-13269
-13647
-13430
-11710
-11236
-11326
-11717
-3852
1856
-1780
-11810
-10952
-3740
4021
7343
9024
7340
1884
-1580
-1539
4852
6854
11091
11220
10209
1179
-1249
1033
7949
9258
9154
6274
1496
-2909
-3899
254
4543
7943
5427
-1166
-7898
-8565
-4038
1625
5776
3447
-2880
-8753
-6850
-1725
3191
4213
3412
1562
577
1549
3219
5423
7015
9629
10785
10142
7898
7595
9405
12268
14797
16146
14928
9944
6324
7059
10953
13234
12009
8702
4588
3273
3511
4179
3370
4234
2956
-123
-3537
-3804
-3806
-3750
-2471
-1481
-1586
-5663
-6845
-6019
-1804
-90
1086
-1163
-2294
-1258
1853
4247
5731
6211
4519
3625
3748
3810
2632
1847
1517
580
-1244
-4053
-6414
-7931
-7765
-8099
-9824
-11418
-11993
-12423
-13450
-13144
-12349
-12285
-13499
-13735
-12644
-11610
-12919
-14272
-13119
-9947
-10206
-7750
3522
11135
1060
-12235
-8564
2242
10294
12039
15387
10575
3388
-4380
-1642
974
4369
8618
12839
7617
-5224
-9743
-5887
2129
4303
6468
2966
-2390
-8852
-9196
-5117
2375
7013
4868
-1340
-7610
-8177
-5049
1404
7206
8246
1789
-4645
-4826
-643
3513
5544
6504
6493
6389
4679
2530
2655
6878
12282
14684
12264
7159
5299
6550
10884
15083
16394
11688
5611
2783
4055
7119
9474
8406
3106
-218
-1548
-2165
-2761
-408
423
-1058
-4781
-7162
-7561
-6183
-3692
-763
660
-1191
-2999
-3195
-936
2026
4093
4472
3534
3063
2845
3815
4916
5926
4119
2126
532
-1028
-3147
-4836
-5448
-6577
-7952
-10683
-12723
-14000
-13125
-12776
-12715
-13218
-13055
-13719
-13548
-11190
-9030
-8462
-8059
-6376
-5885
-6026
-6164
-7301
-7420
-5617
-2523
-2201
571
5733
6959
-3542
-11618
-6846
1480
6508
7042
8059
329
-5996
-11328
-6240
-4616
1243
4353
6742
-725
-6931
-7439
-2587
3601
6148
7872
5141
3244
-514
-502
2449
9434
12284
9126
3286
-1580
-1739
547
5239
6948
5435
668
-2762
-3601
-1712
868
1968
3358
4341
4595
2822
2171
3026
7096
10760
12202
11106
8871
7326
7577
10803
14456
13924
8405
4015
3270
4742
6026
6104
4005
266
-2533
-3601
-2119
-685
-506
-2441
-3006
-3692
-3603
-2517
-494
1136
1534
2046
2763
2675
2474
3546
5038
4670
3337
2064
1927
1960
2731
2954
1386
-2465
-4749
-4398
-4797
-6173
-7752
-8583
-9858
-10969
-11109
-10835
-10533
-9233
-7636
-7586
-8042
-7565
-5921
-4045
-2423
-2121
-3908
-4545
-5252
-4785
-6496
-7199
-8069
-6952
-8520
-6603
-327
3741
-3514
-13449
-12950
-8496
-1394
1315
6927
3702
-2145
-10155
-7677
-5675
-1571
5243
13232
12550
2601
-1813
-1190
4977
8923
14716
14982
10907
4241
171
1661
6559
12594
11874
7710
525
-2556
-3687
36
4365
4739
1616
-2282
-2333
-2260
-785
-110
2383
4563
7282
6723
5230
4982
6457
9465
12766
15306
13774
11361
9473
10184
11832
12981
12081
8504
4425
2565
4417
6409
5363
1317
-725
-680
-983
-338
-177
173
-1296
-2042
-891
1244
-115
-1053
435
2215
2385
2430
3093
2245
2006
925
786
-295
-266
-654
-324
18
-80
-2059
-5170
-6648
-6257
-4912
-5382
-6319
-7957
-7736
-8000
-8255
-7913
-6611
-6711
-7343
-6663
-5311
-5660
-7184
-7869
-8337
-8453
-10294
-12299
-15141
-15960
-15828
-13831
-10666
-1167
4352
-4651
-18946
-19163
-10243
-719
5432
11090
9168
-2670
-12875
-11415
-5920
-1562
6879
15660
12448
1066
-5194
-3816
1522
7179
13488
15891
11977
3849
-4024
-4877
2320
9994
11541
7247
1926
-3137
-6564
-5029
451
2827
502
-2158
-2720
-3601
-3537
-2516
-383
3761
7478
7429
4948
3917
5510
8087
10899
13206
13514
12843
11941
11126
10949
10352
10251
10445
9859
6656
3867
1920
1298
2200
3396
2725
970
31
-1502
-1498
-1279
562
467
1246
1466
2299
365
-774
-1040
355
1776
3408
3730
1382
-771
-1937
-1244
-175
651
836
263
-1177
-2202
-2931
-3245
-3091
-1679
-1147
-2886
-4153
-5153
-5800
-5752
-4235
-3620
-4769
-6698
-8069
-9274
-8853
-7756
-7615
-9623
-12941
-14955
-16426
-17359
-17733
-16011
-15857
-10282
2204
4565
-9259
-17600
-13151
-6307
1351
11113
17870
9717
-2382
-8876
-6244
-6537
108
11988
18749
9602
-315
-4775
-4572
-1432
5030
13627
14933
9512
-549
-5647
-4221
2034
7576
9172
6141
-65
-4896
-7497
-3419
-207
-36
-3515
-2825
-1815
-1185
-1624
-2588
-853
4172
9201
9171
7821
6572
6933
7886
10840
12288
12574
11945
11247
10397
9039
7627
7534
8189
7553
5907
4517
2553
168
-1375
-574
2326
4851
4372
871
-1740
-1744
613
3002
5385
6296
4309
2182
2177
2261
1629
1270
2958
4632
4104
1793
-750
-2648
-3172
-3225
-861
692
-55
-2220
-5373
-7425
-7631
-6025
-4789
-4626
-5857
-9044
-11251
-11052
-10884
-11545
-11596
-11684
-13271
-15756
-17311
-18686
-18537
-16002
-13491
-13039
-4273
8194
6705
-9089
-14206
-9613
-3149
2457
12898
17683
9060
-5062
-11455
-11838
-12074
-1887
12129
18118
7354
-1048
-6244
-6852
-5164
3488
13637
16526
12295
2614
-3036
-4268
2143
8545
12141
8601
2343
-3709
-5034
-1431
-567
-2516
-5771
-5450
-5564
-3602
-3891
-4600
-3016
1198
4963
7022
9446
9124
7545
7769
10919
13118
14173
14361
13910
11901
8947
7271
5697
4262
2895
2711
4214
5763
3476
-1609
-3715
-3816
1385
5176
7331
6344
3508
-213
1337
3541
6130
8449
8240
6951
4085
2003
-551
1264
2127
2553
1132
581
-888
-1664
-1552
855
1701
-1216
-4873
-7934
-8516
-8051
-6366
-6460
-8902
-11510
-13201
-14097
-14328
-15053
-17063
-17860
-18951
-19733
-20423
-19883
-19415
-18169
-4654
11988
12880
-2440
-9046
-7678
-980
6541
18202
23176
12935
-1919
-10980
-13958
-18975
-9147
6845
15954
6355
-2789
-9171
-9354
-7201
689
12211
16409
14519
4911
-11
-1781
3770
7143
7533
5713
4444
951
-2552
-2243
-4551
-6273
-7407
-3702
-3690
-3628
-5798
-6682
-4405
-4
3238
3537
5338
6656
7397
6281
7277
7174
8082
10457
13917
14036
9747
6395
4511
3956
3970
6472
6073
3347
-2236
-3656
-55
4229
4149
3058
3058
3400
3675
5049
6341
5534
4915
5387
6962
6868
4627
2368
2073
3789
4708
3976
2100
1526
87
-459
1054
2756
1829
231
-964
-2750
-5617
-6778
-6572
-7320
-8175
-8267
-9472
-15136
-21160
-23141
-22658
-24578
-23317
-19460
-20285
-17832
-2676
11140
3505
-10768
-9764
-1894
6920
15678
27314
24030
8428
-5477
-6479
-9825
-6737
3504
15440
11651
760
-4513
-7223
-6122
-5377
4424
13209
16678
10121
1531
-3131
-828
4816
7517
8252
5909
1851
-5418
-4229
-3965
-5610
-9925
-9429
-6806
-4283
-1970
-3580
-5093
-4346
369
3784
7685
9488
8984
6794
6796
6798
5251
5960
7880
8483
5908
4756
3555
1220
-1704
-493
2552
3620
2252
-817
-2652
-3226
-1436
1952
5689
4664
1927
113
-1034
-1357
293
1619
3006
3965
2511
-1056
-4906
-5110
-2826
288
2195
1778
835
729
958
602
-110
-259
134
270
-1189
-4906
-9105
-14904
-17446
-18320
-18409
-20249
-20949
-22508
-20348
-20869
-14250
1860
11366
-410
-13079
-11539
-6308
1692
10312
22424
16466
3507
-9095
-10725
-16629
-12100
1611
15005
13951
6607
1355
-5200
-5029
-1110
11939
19587
24366
18728
11202
4112
2470
5676
5969
6913
6436
5298
-2473
-5712
-11269
-16185
-20068
-15211
-7862
-2229
-829
-4971
-5532
-2154
4535
7093
12523
15869
15788
12109
10592
9000
6068
6589
9300
11980
7961
3072
-2632
-5950
-7891
-1897
5052
7155
4462
2121
2173
3817
5345
6030
8710
9247
9750
8053
3448
-2251
-3219
-1519
1956
3493
30
-6256
-11372
-12375
-10653
-6935
-4881
-5465
-7305
-7296
-6732
-6429
-6103
-4901
-3223
-4534
-7510
-10692
-13706
-16379
-16587
-12193
-12539
-10344
4980
17980
5523
-10940
-11265
-7644
-2726
7897
25371
24031
5890
-13317
-17309
-22121
-17207
-813
17206
17540
6971
-1024
-9067
-11263
-9675
4716
16042
22593
18111
8674
-839
-2534
4165
8140
10717
12698
11976
3087
1229
-1459
-7017
-14840
-13151
-6486
-262
3041
-222
-2924
-3022
1355
4219
10561
15651
15621
11444
10352
7607
3161
1678
4668
8094
8767
9739
4796
-2854
-7115
-3711
509
4895
6381
5491
4121
3901
2776
2306
4044
5690
7469
8244
6464
1346
-1904
-1357
964
308
-2730
-5089
-7001
-7691
-7547
-7152
-9241
-10975
-11702
-12238
-13125
-13945
-16651
-19966
-22649
-25800
-27274
-28403
-23219
-19474
-12043
6170
17326
5707
-5147
-2073
2745
8063
16838
30645
24599
8586
-4593
-7995
-16169
-14204
-150
15234
16004
9865
4010
-5074
-11406
-10255
4145
13466
20059
19577
14912
5490
812
2995
2293
1249
4748
10727
6332
665
-8243
-17568
-26329
-23319
-13437
-2775
2655
1737
289
-580
2560
4960
13089
19827
22506
22501
23111
19988
12078
8145
8384
9134
7088
7107
2587
-3843
-10414
-9419
-8105
-6967
-4070
-2419
-1841
-1111
2328
5511
9029
9948
11365
10347
9346
6987
4593
1962
-969
-4553
-7351
-7505
-10119
-15004
-18824
-20416
-22446
-22025
-19733
-18863
-20521
-24250
-26319
-26779
-20484
-13706
426
17027
18462
-1682
-14567
-14958
-10163
-4292
9788
22723
12072
-6185
-19614
-26320
-32768
-23385
-3012
13421
14456
12774
8383
-1444
-8525
-3768
11196
20378
27786
27186
19371
5483
-509
-878
-3625
-4841
452
5554
2094
-1895
-8823
-17443
-24295
-19150
-7553
3829
9139
8437
5341
2375
1864
3134
9409
14311
16702
15232
12688
6935
2449
3778
7408
8204
6942
4501
1032
-3235
-2603
1766
4515
4439
4844
5662
6111
5884
7630
9321
9007
7574
5958
4897
1258
-1687
-2597
-2798
-3611
-3961
-5725
-10000
-13580
-13627
-11829
-11518
-15151
-20421
-22845
-21945
-16495
-9042
321
14488
21306
11203
-3312
-6616
-4769
1597
12602
28377
28367
12239
-5988
-16592
-22613
-20633
-5333
11255
17476
12469
7671
-1513
-9540
-12803
-3355
9906
20745
27800
25385
15095
992
-5002
-8134
-7260
-3081
2992
2446
-2049
-8805
-18164
-26327
-27742
-16910
-2834
10416
14835
12507
7067
4539
4452
7927
14241
18676
19971
16416
10447
1927
-2952
-5901
-5013
-2775
1507
3390
-93
-4726
-7192
-6782
-3597
3036
8033
11206
11757
10818
7349
4313
1633
522
-497
-2029
-3617
-5819
-8348
-12167
-14168
-14062
-13337
-14253
-15575
-18201
-23188
-28996
-29974
-23759
-16128
-5773
11000
20562
10840
-4583
-6778
-2310
3365
14060
29348
27582
10688
-6744
-16897
-24980
-23344
-7967
8794
15269
12138
8728
1179
-4479
-4283
7086
19503
28513
32335
28866
20185
10815
7020
4038
3487
4572
6623
4457
2115
-3697
-14053
-23862
-26807
-21620
-12294
-71
6605
8268
8051
8162
7212
10482
17476
21171
21030
20652
17574
9538
1348
-3976
-6065
-7783
-6278
-3691
-5232
-8659
-8771
-7272
-6156
-3475
1220
6166
8865
9726
8975
6542
2869
-528
-2453
-4168
-6546
-10041
-14201
-16707
-18824
-21742
-24260
-23784
-22749
-24050
-24249
-21835
-20103
-13166
5142
21926
21652
8742
1701
-2950
-4460
788
16519
21860
11465
-3141
-13840
-25134
-30361
-19937
-2683
7137
8953
12628
8591
-904
-8640
-4400
3525
12083
22997
28884
26927
18673
12026
2973
-3580
-3955
1217
4209
6729
5473
-3663
-16657
-25616
-24860
-17240
-3425
7186
12666
13191
12059
10211
10028
11804
13435
16339
19138
22034
18865
12242
5402
1041
-1196
2053
4882
4737
2022
-309
-785
-1345
-1484
-476
1560
1746
1077
-1149
-2936
-7202
-11158
-13753
-13835
-13302
-12896
-12420
-14414
-17817
-20421
-19422
-19725
-18169
-18785
-18518
-18636
-9083
4236
8772
941
-5858
-8257
-7873
-1901
8501
16757
11097
2664
-6522
-15266
-22641
-19517
-8457
1641
6441
12114
14769
8568
612
-3069
1858
7960
18131
23679
21223
13631
9175
5227
444
-393
1869
1590
-293
2250
1190
-5154
-12054
-12940
-12355
-7390
2140
9994
12719
12644
13512
13338
16654
19085
17627
14483
13767
12250
9686
6023
3622
1513
-126
1670
2261
501
-1570
-37
3697
7699
10222
10276
6279
2429
625
1248
2751
2024
-78
-3909
-7860
-12202
-15221
-19077
-23188
-27112
-27477
-24870
-22396
-23926
-21702
-8995
4904
9241
7171
7300
3269
1242
7222
21180
23942
16655
6425
-4200
-17633
-23374
-15764
-4748
-905
457
4801
3686
-1822
-7998
-6013
-545
9775
20489
24634
21317
16834
14010
7446
373
-1660
578
1418
4570
6058
515
-14811
-27090
-30313
-24867
-14110
-2355
7052
9765
7749
4234
5834
9232
12052
15944
22131
24249
20534
12416
2511
-4399
-7880
-5647
-1567
27
-2729
-6009
-8555
-8706
-6571
-1574
4741
9301
11054
8642
5145
1126
-1872
-3509
-4784
-6348
-10174
-15733
-21568
-26235
-29020
-29899
-29232
-25344
-14218
391
5115
266
-2938
-4751
-3055
2459
15339
23647
21046
14056
5392
-4731
-15221
-19405
-12818
-3598
1107
4385
4197
502
-7901
-11212
-7167
-887
7530
14608
18565
19166
18014
14327
9690
5586
6077
9299
14486
20043
18804
9442
-1944
-9871
-14305
-14108
-10030
-1898
4782
8875
6695
1233
-2257
-3711
-423
7880
16319
20237
19408
15508
10642
6707
7012
9423
12779
14049
11768
6885
1166
-5579
-10949
-12125
-10218
-8190
-9272
-11991
-16072
-19561
-20519
-18413
-16169
-13705
-12639
-12208
-12133
-12312
-12387
-14054
-9314
2341
9800
8001
3330
-3898
-10136
-11520
-622
11097
11635
6488
-2482
-12369
-19338
-17235
-6394
3469
6740
9838
9481
7300
2972
663
1748
3880
9217
14376
13745
9173
5007
-147
-5141
-9093
-7158
-2272
1315
3946
4051
-438
-6946
-10131
-6672
141
4365
9407
12467
12361
10331
10575
12132
10964
9156
9778
10155
7962
4223
-1916
-8822
-13308
-11732
-8271
-6039
-4996
-3286
-1991
-1568
327
3935
7602
8991
9468
8909
5216
234
-4125
-10331
-18430
-24227
-25164
-24150
-25118
-26033
-28363
-29765
-20622
-4720
3938
5343
5110
3557
2951
8923
22692
28598
26994
24163
18502
8285
-1309
-5088
-3653
-3286
-1362
2841
3334
-1328
-8683
-10602
-9302
-6069
3089
12273
14290
15316
16385
14171
9088
4795
2617
1819
4378
10721
12109
6343
-3489
-14104
-18286
-16037
-9722
-984
4926
6971
5769
4201
5315
5853
9007
14653
18564
21597
21942
18342
10395
1770
-3198
-5114
-5098
-3571
-3013
-4799
-9045
-13159
-14160
-13888
-12907
-8695
-3190
-1162
-2180
-5212
-10862
-16709
-19799
-18692
-17481
-17843
-18931
-21259
-20831
-14423
-8821
-8516
-10880
-14469
-14593
-11094
1732
14208
18353
18943
16913
10143
3416
837
4349
6205
7288
13479
15073
9113
-590
-6615
-9180
-9498
-4395
4614
9045
9761
9514
7930
4518
895
1264
3540
8924
13599
16134
13879
8952
926
-5641
-6769
-4497
-1142
3928
7298
7189
5656
4382
3882
2676
5820
11671
16829
20190
20964
18168
12762
6652
4397
3819
1818
-885
-3210
-5028
-9240
-12667
-12308
-12644
-14919
-13846
-9708
-8594
-11368
-13988
-16932
-21444
-25508
-25536
-24529
-23475
-17820
-12229
-10194
-8432
-8657
-10843
-12429
-8853
1173
7519
12870
16189
12135
4681
-1375
-458
4953
7172
10496
13613
13783
11575
7010
3546
-1823
-6458
-2850
3126
6383
6219
4709
3767
1226
-519
1120
1408
737
2187
6252
8680
5854
2806
1278
-2774
-5767
-2995
1446
3101
4944
10461
12292
7551
2810
1943
1922
5182
12933
19234
18105
12440
7805
4184
-57
-1843
-701
-42
-983
-2362
-3706
-7266
-12827
-16098
-15586
-12189
-7863
-4398
-2936
-5465
-10606
-14362
-16372
-16734
-14643
-8832
-2563
-739
-2858
-5571
-10497
-13276
-10707
-2589
5586
10693
13711
13069
8071
3650
2226
5133
9538
14324
19311
20218
16877
10916
6005
2072
-299
681
3895
5153
5194
3606
-269
-4473
-7836
-8677
-6258
-1536
1939
3569
5207
5233
2841
1285
1628
2934
4758
8058
10554
9081
5736
3717
566
-2972
-3668
-2408
-901
1622
5748
7032
5206
3444
2447
1813
2070
3660
4567
2387
-378
-2755
-5493
-8399
-11576
-14256
-15884
-16372
-16547
-17140
-18445
-19614
-20868
-20438
-16851
-14119
-11114
-6641
-3390
-2411
-1824
-1900
-2345
-4369
-1570
3941
6478
7633
8037
5934
1674
-1498
655
3485
4428
8128
11209
12182
10308
9089
10056
9734
8629
10267
11811
12239
11252
9285
6621
2606
-265
-373
1305
3337
4615
3772
2122
-664
-2119
-1330
832
3194
5373
6607
7825
8057
8507
8701
6911
4602
2189
78
95
1655
2811
2155
-352
-2357
-3802
-4406
-4817
-4405
-3770
-4016
-4635
-5130
-6118
-7906
-10955
-13998
-15261
-15183
-14895
-14310
-14550
-14740
-14588
-14454
-12721
-10281
-8144
-7177
-7840
-6486
-3840
-2995
-2945
-1443
1027
2881
5079
8236
8295
5713
4464
5112
5663
4751
5029
5000
4943
5069
6126
6486
5378
4543
5342
6414
7553
8653
8496
7460
4569
3071
2733
2302
1779
2012
2249
826
-1667
-3472
-4302
-3688
-1940
-217
1858
3581
3968
5932
7105
5289
3243
823
44
417
963
2208
844
-2932
-4876
-6134
-6163
-6653
-7603
-7007
-6792
-6005
-4771
-4738
-4743
-5019
-7171
-7763
-7681
-7765
-7545
-7493
-7414
-8731
-11092
-11254
-10109
-8451
-6383
-4732
-2823
-2401
-2468
-802
188
1457
3266
5196
7852
9184
9116
8053
6626
5750
6571
8352
9751
8269
5947
4415
2911
1908
1959
2754
2888
3142
3510
4713
4798
3695
3563
4012
4445
6146
7999
7779
6764
4078
1920
1540
84
-641
-581
343
455
2332
2814
1196
11
-1009
-1654
-993
-67
914
240
-44
-775
-3878
-4306
-4246
-3407
-2967
-1933
-1041
-1602
-1778
-616
-2711
-4412
-3933
-3162
-4143
-5186
-5607
-7669
-9004
-9080
-7801
-7266
-6482
-5648
-5752
-5344
-4751
-3319
-2272
-1169
611
2736
3516
3649
3231
2964
2813
3684
5057
6250
6076
4803
4072
3705
4534
4116
2962
3065
2416
2437
4056
4914
5043
4993
3073
3895
5321
6423
8403
8640
6782
6564
5408
3105
2478
1073
95
-522
243
640
-82
-845
414
-47
1468
3163
2704
5059
4281
2875
4228
2116
436
-375
-1990
-2149
-3045
-3092
-3154
-4135
-3886
-4558
-5068
-4547
-3857
-3472
-877
557
365
1172
-951
-1271
-1072
-1362
-858
-1571
-2454
-1598
-4733
-5070
-4988
-7144
-6760
-5238
-4400
-2227
-1121
-1857
-1576
-1887
-1199
189
1867
3512
4203
4770
3908
3570
3428
2689
3853
4671
2965
1699
1933
-549
-316
-475
-3777
-1656
-1042
-1610
1089
217
-493
324
-1957
-412
1929
-106
-526
404
-272
-311
1104
-1071
-772
-2504
-3334
-2350
-3635
-3844
-3463
-5033
-5877
-4924
-5419
-6422
-6771
-5538
-5790
-4715
-2467
-806
-1761
510
91
-188
2215
1192
4154
4485
1128
2472
976
-3293
-1766
-2627
-3558
-1553
-1024
-560
71
-1978
-1870
-797
-1701
114
3713
4708
3629
4213
2758
-647
192
523
1733
2707
2432
1861
1544
-414
-1579
-1933
-773
-249
333
2502
1995
2623
1440
2274
3180
1460
1510
6560
3345
3238
3198
-805
-2694
-3243
-4561
-3302
-3670
-5560
-4084
-3280
-5024
-3294
-840
-2433
-703
2170
2945
2414
3011
862
121
33
-1435
-224
-655
-4071
-3248
-2776
-4321
-3987
-2250
-3009
-1876
36
-221
1538
2647
1876
3056
4601
2775
3987
4046
3620
959
1595
910
-1582
-1393
-1996
-3633
-3414
-4891
-5310
-2034
-3856
-3021
150
-1551
-925
686
1070
573
1619
855
2863
2704
3048
2931
3854
695
-103
901
536
-1247
2147
285
191
2284
-338
1041
269
-4
1232
1755
2855
1989
2118
1874
-600
-433
-1144
-776
-353
902
-463
-1301
-906
-1935
-1044
-1069
-1581
982
-203
187
1369
-78
899
-861
-147
616
-406
-52
-140
-728
-1819
845
87
-229
1573
1857
2283
1549
2702
4886
1914
3722
5234
2506
3722
2686
1739
3154
1289
2002
1410
-313
402
-510
-2239
-874
-1837
-437
-229
-325
871
243
-2674
54
823
527
3783
5666
2743
3392
2826
-323
612
2310
241
1812
3390
-667
1672
1406
-890
1415
-462
924
3044
2674
3597
2904
109
-672
-148
789
686
2055
3794
1316
2544
503
1081
-762
-971
-617
-771
-1278
-1860
-678
-2168
-3832
-2844
-1286
-3244
522
853
101
1061
261
-872
1764
430
-1402
1175
-2018
-1353
343
105
-146
566
-317
-502
245
1496
1009
941
1706
39
1004
-62
-272
-1602
-1167
-2483
-2356
-1269
-2139
-1731
-1254
-2045
-2372
-824
-2121
-310
-222
175
24
142
-2125
-3427
-1222
-3514
-1919
-2483
-2189
-1916
-1180
-571
1369
333
1376
2910
3451
3288
4966
3799
510
2048
867
1346
1754
1058
-755
-911
-2782
-1962
-2782
-1875
-3146
-3519
-1459
-2226
-2114
871
-1956
-1032
1253
-542
2617
2913
695
1767
-132
-243
-1915
-1278
-2210
-3491
-2958
-4229
-3227
-4256
-5165
-3480
-2595
-2999
-220
1144
1161
166
1560
456
1066
1351
690
1508
-260
-795
-1397
-3203
-4853
-4675
-4938
-4646
-3537
-1757
-4993
-2507
-1721
-2861
-1373
-1447
-890
-849
-807
-1664
-479
-1267
-1925
336
173
761
3610
3340
4434
5002
5206
5900
4773
4689
5029
3516
4251
3912
4102
2228
2745
1933
784
2088
506
2170
662
672
1180
1724
1040
1711
1883
1786
2889
4092
3454
5235
4846
2450
3819
2479
1008
776
1255
-172
-124
-340
-1287
-1974
-2160
-3075
-2183
-1687
-2679
559
-604
-1189
132
89
-1123
-1005
-202
-207
-80
-389
-338
-2388
-1653
-4759
-2105
-3313
-3235
-2556
-1653
-3877
-4044
-3379
-5108
-4605
-4515
-3700
-4689
-4366
-4215
-3126
-5265
-3151
-2853
-1426
-132
1589
2497
3186
4635
3206
5830
4208
4217
4593
3356
2746
1040
850
-839
-2050
-2214
-3831
-4672
-3129
-5045
-3488
-2994
-3012
-1743
773
-90
2146
4911
3198
5976
5284
4875
7058
3996
5233
6270
1053
2543
439
1098
-423
460
-26
-770
-1768
-1241
-692
-499
715
1366
1491
2702
2396
3064
3091
1270
4645
2147
3240
1842
582
-625
-1469
-2038
-1791
-1701
-2873
-3422
-941
-1772
-2040
870
-2651
305
-1145
-1151
196
-773
-2495
-2048
-1165
-3019
-289
-870
-52
-446
437
716
1493
278
2649
650
2476
1927
2123
1334
773
421
248
569
-490
-855
-142
-2370
-3231
-2302
-4444
-4289
-3516
-4734
-3475
-529
-1569
628
1781
760
2649
2546
3175
6079
5161
4238
5557
2942
1193
1200
1081
-1544
-975
-1521
-1775
-2257
-3662
-3070
-3542
-2830
-1229
-621
496
404
1042
887
850
1069
2249
-638
763
593
323
-507
-392
-1552
-2349
-2058
-3113
-824
-1643
-3290
-1789
-2112
-3889
-1497
-3184
-2632
-786
-1652
-61
405
-982
-1161
-683
-1349
1681
314
565
346
-758
942
595
-134
597
-1014
-918
337
121
1367
-1145
-948
-2211
-3130
-1870
-2755
-4006
-4567
-4413
-3947
-3428
-3365
-1379
-3213
-2350
1592
975
2775
4549
2404
5360
3645
3122
5409
2864
3270
2503
1993
2115
-1902
-83
-2262
-4697
-2350
-3586
-2093
-1917
-1788
-1290
-1713
127
-89
1836
2639
3791
4132
5206
3748
4438
4032
2645
3285
3966
1419
2715
2068
-1343
69
-2935
-2290
-1642
-1402
-530
2194
954
1563
2577
1619
2014
3417
3991
4858
6259
4426
4147
3502
1206
225
2022
-112
455
410
571
-565
-586
-1530
-1834
-2284
-1140
-2219
-747
-1650
-3675
-1716
-3393
-3295
-2460
-3569
-3259
-2110
-1048
90
-600
713
268
776
2651
2445
3632
3419
1816
3359
1268
836
1687
-1106
121
-905
-1250
-1132
-2283
-3409
-2321
-4894
-2385
-1909
-702
353
48
1629
1723
2091
3150
3642
2957
5605
2638
4095
2548
1156
26
-2290
-2858
-2775
-5521
-3586
-3255
-5459
-1865
-3962
-2110
-2724
-1499
209
397
2977
3814
3840
3502
3199
1385
2667
116
444
1096
711
-1368
-1104
-2760
-3308
-3590
-4369
-2189
-3739
-857
-3715
-629
-1943
-1659
-959
385
-562
1931
-120
1929
1566
429
672
-121
1034
-848
2247
-513
941
-896
193
-2236
285
-802
-661
-694
1739
-1045
1901
357
-1067
752
465
372
969
1062
-727
685
-111
-280
-363
-664
-1023
301
104
1085
2413
1686
2108
3162
1611
2846
1721
1268
617
748
-271
-406
-866
-1694
-3468
-1535
-2467
-1440
716
-514
1019
1308
226
944
1865
834
2169
2989
2512
3097
2703
1111
2239
-480
-22
-1048
-1536
-2266
-1972
-3354
-4406
-3145
-5163
-4655
-2292
-2953
-1491
309
-844
551
1289
242
1318
1368
2386
1423
2064
1811
1678
-31
-678
-1458
-1781
-2252
-2186
-1126
-2190
-1756
-2860
-2066
-1378
-219
177
2062
1170
2120
1478
2355
2321
1709
2682
1558
2180
2482
2127
1029
2461
-556
552
116
218
-815
-686
-1594
-1022
-1900
-2422
-461
-2308
-1313
39
291
-379
801
369
119
797
47
589
573
-1226
414
662
-16
-450
657
-905
-1122
-502
-4
-883
-868
-696
130
-482
-424
-376
-220
-465
-1032
1715
555
1665
1627
786
912
1167
1309
1279
1359
2200
334
2426
513
108
1335
-1719
910
84
74
833
-14
463
48
-70
2252
533
2120
1588
2485
2708
2241
2809
2333
2781
2159
1798
2434
1429
816
1714
372
1066
-200
1446
-722
327
-180
118
541
-342
611
-432
-547
67
-801
250
577
-914
688
-915
-1130
-385
-1446
-1861
-245
-374
60
245
57
-565
-1130
168
766
-229
2046
664
-347
480
-184
-1030
88
129
-422
607
1482
-108
534
1032
-1191
998
638
849
1620
777
872
819
-567
769
87
-167
474
-608
122
392
-1653
386
576
-709
715
766
141
883
-268
1810
817
-398
854
590
-897
351
-542
-1060
-317
-788
-913
-1004
-779
-2503
-535
-2423
-1399
-373
-2474
-1463
-1163
-3348
-836
-2991
-3374
-730
-3829
-2490
-1479
-3463
-3545
-1991
-4093
-3347
-1878
-3468
-1186
-1339
-2811
-1233
-1039
-507
-140
270
2345
-1373
1742
489
-422
1151
-880
136
955
-760
735
-318
-875
-500
-1548
430
-3
962
977
543
1741
689
937
1814
627
1994
2136
936
1613
975
-83
-323
-1183
-1190
-1451
-1099
-2311
-1308
-1137
-1836
-152
-462
-56
18
266
484
1727
715
77
1421
1210
-1101
1998
-868
-344
105
-2266
-1016
-2547
-3244
-3418
-3723
-3800
-2707
-4392
-2493
-4020
-2486
-2515
-2652
-2151
-707
-2091
-551
-1011
-544
-780
-2622
-714
-2008
-2416
-1018
-1907
-2361
-275
-3188
-1763
-1015
-508
-901
1355
967
1573
1730
1768
2325
1350
1688
1102
1112
764
384
216
98
-286
-224
-1833
538
-570
-490
497
175
-609
1909
-510
440
602
629
201
942
1050
428
-1
1351
53
-704
1772
-2022
235
-524
-1164
156
538
-426
1709
395
834
1743
952
617
1926
48
2018
835
-188
-64
-309
-762
-1129
-739
-270
-2549
-1085
-1589
-2730
-530
-2010
-1691
-260
-592
-135
2052
228
1526
1618
2108
2701
3888
3616
3304
4431
2820
3150
2946
3652
2334
4092
1419
3173
2825
1303
2143
2061
1255
1222
2820
1184
2288
2097
2130
2407
2203
2161
2954
2032
2064
2380
2480
2074
285
2802
-987
-1165
254
-1360
-1379
-690
-1454
-1372
-1131
-2205
-1200
-1819
-732
-845
485
974
-92
889
1440
224
-132
1943
-841
723
-876
-1059
-899
-3030
-2860
-2366
-4230
-2253
-2099
-4040
-1050
-2829
-2710
-1137
-1761
-1799
-374
-207
-1567
1031
-1216
1312
-334
1269
-486
550
1064
1060
403
1856
273
1071
2483
-703
2119
994
668
1096
2619
-81
2722
1019
1036
707
1832
-53
1428
2285
62
2115
843
1098
624
1058
-365
832
1029
839
421
612
-921
-145
-1869
156
-1359
108
605
-1497
-223
-734
-1950
528
-2065
-950
1171
-2004
1024
-582
-500
-652
497
-1760
66
591
-1375
-872
-1505
-2303
-2141
-588
-3128
-13
-1692
-1970
-1141
-509
-3227
286
-2617
-1115
-1422
-1332
-795
-2038
-466
-1468
-834
-218
-435
218
1913
-1176
1934
1008
40
1087
1599
-149
1589
1815
-904
3244
-242
2
668
358
-391
617
-774
572
-542
-161
-349
-314
149
-887
1409
-950
19
620
231
-1625
-1334
-819
-1734
-619
-2347
-2022
-1185
-2677
-2686
-1273
-3927
-1239
-2157
-4406
-1175
-3459
-2701
-3169
-2050
-3233
-1611
-2763
-1015
-2858
-1086
-2145
-2253
-433
-2062
-1685
-2130
-1540
-2811
-1411
-2846
-1406
-2895
-982
-3648
-221
-2227
-1619
-1149
-2623
-669
-1378
-579
-91
511
-1032
2138
-553
1403
1959
782
990
1266
526
2078
564
-40
3153
-170
624
1518
607
-101
1372
83
1438
1083
1942
1052
1725
1146
2208
885
2342
1410
1746
2556
1154
1736
1271
1218
-1198
2849
-440
1669
1049
2150
-706
1133
848
929
1849
1711
1933
63
3980
-487
1905
2312
2317
382
3242
1431
723
2178
717
917
1559
2489
-530
4168
134
1617
2500
1573
2588
1992
2717
2724
861
3309
2675
-835
3903
497
1465
1915
980
1957
1448
954
2215
2288
1061
3547
1267
2494
3317
1468
2753
3815
217
4126
2203
-53
2522
519
1022
-629
981
-971
204
-840
-2281
-646
742
-2566
557
-125
-608
97
159
1191
-1046
1377
-1236
803
-910
-238
-1502
2147
-2911
1174
-1383
-1186
-810
402
-1224
756
-984
-30
42
-2088
917
-9
524
-165
482
1890
-92
-688
2218
-1481
668
1424
-1184
1556
-676
-1678
1226
-2297
-1237
1711
-3572
641
-518
-2344
345
-1582
-1727
695
-1710
-210
976
-947
607
-83
240
-592
351
162
539
-673
855
244
-1132
447
-49
-1534
744
-3928
760
-1634
-2960
-267
-1462
-3007
-575
-2947
-1816
-1647
-1948
345
-2032
137
-1334
71
-299
-1519
4
1488
-2195
868
593
-563
-38
-764
-564
-205
-815
-181
73
-449
1001
-2007
556
-578
-662
-239
1163
-1601
1922
-290
-1042
1042
124
-1197
2246
-913
81
2898
-3225
1777
941
-298
12
1450
68
-148
1046
576
-862
773
422
-726
1345
1266
-1769
968
2092
-1769
2083
2206
-797
2898
928
-672
2625
401
611
1139
570
932
6
-111
342
-446
-1941
437
-497
-2977
1334
-2949
-918
-604
-1641
-3358
1907
-1607
-1921
475
-571
-2851
345
206
-3289
1070
176
-4476
1713
-1750
-2464
745
-1146
-1913
-765
-1671
-1210
-1084
-2074
50
-3997
1294
-4397
-979
-857
-1034
-2612
1343
-922
-2762
-2628
534
-2589
-1993
760
-2999
668
-1944
-2703
-270
-1069
-3315
2078
-2959
-127
-493
-529
-1404
-194
-1790
-1057
-332
-413
246
-1152
87
-2111
2099
-3131
-1963
1678
-1363
-819
2009
-2422
-834
1441
-1657
80
555
574
-685
2157
-664
1525
765
2388
-1322
3366
-142
2360
393
2543
2017
344
2011
2636
-143
1534
2930
-782
3933
1100
1999
2009
3316
1032
2959
2978
1746
3464
2850
3135
1677
3008
1777
2729
292
4743
483
1710
3524
997
1929
1483
2159
825
3175
-614
3317
1313
290
2633
424
104
2371
949
576
3024
-2391
4342
167
1396
1097
1112
1440
1377
625
-530
1932
-2633
2824
-1621
-588
-111
974
-2839
-148
-248
-2515
45
345
-154
-4187
3288
-1456
-2040
1455
1280
-2548
2601
621
-2563
1663
593
-2981
1182
998
-1997
-12
1125
-2219
-761
-177
-2073
-2090
1589
-2589
84
-1
-2469
-467
-1076
-141
-560
-1119
-51
25
-2217
319
-3620
1806
-3779
-1248
323
-4608
-1211
-1003
-4275
-2528
-979
-6727
-774
-3731
-4269
-2933
-920
-3952
-3760
-643
-4823
-2882
-1447
-838
-3977
618
-2546
-3348
669
-2659
-3103
369
-2127
-2873
1611
-4649
-1271
-523
-5522
1098
-2800
-44
-1574
-479
-1253
-1300
314
-20
-2041
2948
690
-1505
5576
-2420
1996
3144
-1452
2510
2804
0
2097
3059
-2028
3622
558
3227
752
3923
-647
2926
2527
743
2944
2554
566
3605
4297
-2683
7034
-487
1573
4030
2530
-715
6462
710
1042
2619
1904
2027
1332
4618
-1412
5464
1731
669
1370
2516
-876
2823
286
515
868
383
168
-714
-1025
1004
1464
-3810
5016
-1945
410
2544
-457
-1904
3113
-2454
2372
-1409
1904
-1319
-1360
71
-557
-2420
-236
-1948
-1309
-773
-1810
-58
-2741
-76
-507
-912
-497
455
1785
-740
2268
1506
-246
2369
2232
-1395
2804
-396
580
355
1858
-548
-946
405
4
-891
953
472
-765
3045
716
-2117
2689
3411
-3552
5801
-1269
2443
2315
-326
273
1915
-707
1808
-942
-1856
3621
-4063
198
720
-2458
-918
1437
-4392
1947
-1218
-1342
1333
-3688
1463
-1442
-1685
-363
2169
-3827
2073
-1301
-5001
1091
-1628
-1948
13
-817
-3428
2020
-5245
202
-2530
-1359
-506
-1594
-712
-1642
577
-3439
4035
-4238
670
-852
1479
-2098
1577
-990
1884
-1045
255
-2105
681
1817
-2226
2597
661
493
-435
2671
-2568
4174
1786
-597
508
4740
-2420
5620
-1881
1056
4288
-842
1006
2395
2346
-1412
4659
-1988
3451
-1791
4808
-1341
3402
-3400
5984
-1604
1011
2030
-473
3669
262
2116
-204
5060
-5572
7458
-2495
843
401
3256
-3590
4204
-2384
1435
375
-863
1757
-2828
893
2064
-2205
2272
977
-3617
6209
-2767
-256
2405
-29
-784
1709
-2490
2241
-2860
352
950
-3378
170
-677
-3478
0
1807
-5347
1041
-136
-3703
-758
-454
-2317
400
-2200
-414
-922
-2474
505
-1970
90
-650
-1260
-392
-2354
-1571
639
-637
-1925
-335
492
-1145
-3617
1996
523
-1854
937
-52
-470
-1128
-19
-1953
299
-1960
-929
-1832
-1119
-2130
-104
-3368
-1322
-1388
-1785
-2646
-1572
-823
-1625
-1240
-706
-1504
-99
-2205
-1896
1155
-2685
-1962
267
-899
-2065
898
-2348
-79
-1171
-1558
-342
-1084
-1314
1037
-916
-481
559
-2666
140
-165
-898
164
1230
-403
1571
-1515
1522
-1883
936
863
1235
-909
1454
871
-4
1637
441
630
3477
1505
-771
3943
-481
2210
2316
724
1658
2312
1412
1731
1647
2817
2956
839
3950
1171
3321
1515
4694
-2133
5431
372
2116
1169
3050
-695
2608
1782
-633
1070
2350
1179
138
3795
-953
861
1924
2228
-731
1943
2061
-37
1224
2307
-854
1099
2232
-724
617
2841
350
985
1371
65
2646
-225
-235
1407
2467
681
969
354
1284
728
1422
-1926
1515
1660
-1601
-303
693
-2433
625
-530
-2814
829
-2424
-802
-1327
1191
306
-1437
-604
1094
-1682
-1214
-557
-742
490
-766
-672
-1115
-155
-2031
-1919
-1556
-2088
808
-1849
1446
-3219
2151
-5043
771
-1996
-1530
1202
458
-2407
4585
-4506
-2084
2242
-6515
2867
-1599
-1680
-731
1067
-5605
500
-3756
-1462
-662
-1576
-1112
-1618
-402
-1354
-1872
-2160
2911
-4526
1568
-792
-473
-1592
441
-2750
381
-2031
-238
-273
-3441
-24
-549
-3864
663
-1379
-2554
1887
-2113
-1038
886
-1121
-1526
2122
-1550
238
931
-948
-1056
1403
-2001
551
-702
-1430
1480
-847
-2165
1428
-1715
152
6
767
-1382
2372
344
-914
1941
-59
648
-814
3253
-2793
1229
97
-554
-1266
2530
-1828
-925
1899
-1906
29
-1248
760
-1307
-383
-450
-1006
-109
1445
-2467
364
856
-2592
1209
-1669
-735
-1128
-2282
-1080
-54
-2953
76
-1462
-3368
-1033
-2011
-1545
-973
492
-2933
-226
-1921
-1611
-1681
-2633
140
-2515
-1602
280
-4064
-2729
200
-4086
-2328
1477
-3778
-512
126
-3948
-79
116
-3336
651
-127
-2470
2655
-1731
-344
69
273
-1492
1094
-649
-1088
850
288
-2254
2433
-1162
-1795
2438
-1014
-373
603
-345
-1039
1125
-1127
755
-478
845
-801
1442
-1649
1774
-246
-1534
1145
433
-1340
-741
2561
-2679
1535
1494
-2299
288
1608
-2743
2956
-2303
1272
260
-1116
509
-1004
-1035
882
-1313
696
-1138
-126
747
-2349
1638
-1751
-1927
2172
-1173
-220
748
-816
-733
1237
-1110
-586
800
198
736
-1119
1167
917
-154
73
716
-527
1815
-1395
390
2138
-555
719
2900
-2036
770
1191
-1546
2514
1007
-1091
2373
-357
-652
2055
-2042
1847
623
1235
-280
1286
138
2206
-803
891
714
886
678
1271
696
1651
534
1638
727
385
2554
1269
1813
3037
-9
2516
3000
-1862
5428
-1743
1339
3278
-834
1977
2415
-1736
1656
1703
-1942
3259
-73
1563
2573
-872
2289
1128
138
1623
1991
-1364
3663
507
-763
3496
-2284
1329
1847
32
-331
3617
-2389
3077
-987
1595
46
-952
446
348
1630
-1306
2372
-1891
4497
-3573
2681
-1583
2038
-1013
2064
-2057
2734
-143
-1052
1329
-2461
1871
-266
1633
-3395
5029
-3844
2540
-223
1014
-1438
4110
-2834
1896
3183
-4292
3551
636
-231
-998
2646
-4174
5431
-4354
1570
-698
1133
279
-780
-175
505
-439
29
410
-2272
624
-764
-1229
-374
-944
-220
3
-2165
1264
-650
-2271
1347
-760
-2085
2900
-4912
2401
-732
-2789
2402
-1647
-818
393
-462
-211
-724
-1024
1992
-2443
-787
-235
152
803
-3031
2806
-418
-631
-256
-204
-1816
1316
-585
-2586
4567
-4777
-135
1741
-2092
-4216
4224
-4127
-1341
1389
-4084
162
77
-2890
-1238
4021
-6385
1829
2729
-3775
-79
3664
-4598
1848
703
-4676
3655
-763
-3651
2427
-473
-6251
1508
-1082
-3906
2281
-2436
-950
435
-1465
-4806
2857
-1589
-1445
2004
-1513
-1647
451
-3732
-1131
164
-3217
1307
-549
-3576
901
-659
-4148
1468
-1535
-904
-381
450
-2275
8
-701
-1501
-498
2563
-2339
-2593
5410
-2199
-812
2775
-2853
-519
3943
-3728
2063
469
-1091
2805
-59
-1810
1973
2613
-1053
2548
-1366
2002
415
1031
-147
2508
716
-1234
1926
2464
-1123
-916
5294
-1451
3338
213
-949
3918
1391
-1472
2775
2720
-634
4944
-1054
1981
2353
544
403
2335
-322
456
2882
-1956
1567
-769
1506
-1132
-172
224
2674
-1283
-34
1361
414
1386
-1453
1163
529
1826
-2726
3498
1886
-1232
455
1575
-148
-731
3217
-1206
1362
2431
-1601
1702
1591
-2724
1196
1767
-2670
4775
-416
-78
2481
-1533
-421
1361
-855
825
4145
-2605
1293
4040
-1746
-2481
3650
-1460
1279
2388
-974
2144
827
-2679
-44
4934
-2572
155
2383
2638
-2043
2784
-918
796
1868
-2142
1464
1097
1138
-1041
3546
-3105
2665
-609
-211
-692
2715
-1399
-1803
2954
-1676
728
-3550
464
895
-567
-4128
1962
1038
-1388
-1662
744
471
470
-2744
-1275
2318
1045
-3052
868
783
-2034
255
142
-2368
2116
2168
-4029
3705
252
-2134
2805
-369
339
3009
128
-639
4527
-283
-1327
2204
2483
817
217
355
531
4139
-1620
72
3707
2282
-1506
2593
-71
1888
1913
-456
2770
-320
2661
1362
-202
757
2961
306
1315
-210
2132
3009
-2166
221
2858
772
226
215
2394
929
935
-1653
1408
1660
-600
-968
4886
-1363
937
2285
-3493
1348
1064
-2148
427
2917
-3134
2414
-1800
-2833
-1080
883
-990
-1720
1618
-110
-534
-2193
-419
-2731
1393
-592
-3617
2712
-7
-3372
-236
230
-2060
-1237
-1602
-693
1097
-1667
-1782
-414
1403
-4371
-808
381
-1884
-946
476
-3379
-236
720
-4324
2107
-2705
-1670
-300
-540
-3317
183
-2310
481
-766
-2269
-1622
-549
-944
-1829
-1921
-1562
1040
-2103
-3688
-2277
532
-1353
-3120
-1960
-652
-1187
-3467
-731
-2325
-2201
-1615
-243
-2562
142
-3045
-2059
1533
-3205
-2526
12
-1461
-1225
-237
-4945
206
416
-3212
425
-1772
-130
219
-1093
-1638
2360
-774
-1551
2930
-42
-567
-57
1220
942
1336
-683
3540
513
236
2368
102
1769
1797
1155
3447
1646
-86
2762
3706
1517
1280
1574
3328
1195
2153
2374
2682
1768
1660
1444
2131
2902
278
1621
4076
770
1757
2882
816
3156
406
1145
2795
1554
696
1166
1007
1362
-352
2005
-182
1056
189
-111
1393
1779
-1066
573
2261
85
-1395
1398
3092
-559
-14
-565
1295
1931
-882
-2994
4217
-1490
-937
-301
-357
-1048
672
-1674
-73
-499
-1191
-1223
-852
558
-2319
307
261
-2265
-1228
1362
-2490
-2043
2499
-3234
-487
1318
-1494
-2236
2060
-2177
-2332
1095
-1950
-336
1444
-962
-3588
2224
-849
-2685
600
2
-1704
-460
-3
-2542
268
-2305
-2262
-341
984
-4602
-726
-801
-1652
-1067
-3642
-740
801
-2816
-4127
263
-2254
-2530
-606
-3393
-3081
396
-4660
-4030
2495
-4757
-2716
1904
-2999
-2718
326
-3052
-951
948
-2943
-221
308
-244
-2955
476
783
-2077
-190
2473
-2013
-466
2676
-2617
177
1602
-3441
1255
2771
-1398
-1019
2723
-1381
1675
358
-1428
3099
3161
-2230
523
3949
203
1116
71
2160
1561
2040
-1939
4678
1964
-807
879
2522
717
311
161
1508
2773
1035
-740
964
2394
1144
-1679
2787
1085
-217
1770
494
-838
3521
-297
-2054
3168
755
-2293
2286
2134
-2229
3198
461
-1386
2833
-790
-222
3502
-691
-79
2347
1051
-594
1760
775
873
510
1710
721
222
66
1385
1823
321
-344
1024
1741
218
-38
-1419
2978
98
-1631
1063
1121
-2609
2650
-1044
-1177
2083
-488
-198
174
500
-431
282
267
306
-213
188
-559
-1293
2428
-503
-2612
1549
1011
-1866
-64
243
-609
-162
-129
-1613
-315
871
-821
-1758
2739
-3207
-232
1506
-2710
-2118
1674
-1125
-1344
-1665
568
-1724
-370
-1988
-2474
1088
298
-4213
64
2061
-4024
769
-614
-1329
-194
544
-3120
1328
591
-2069
495
257
-27
-1424
1262
-2330
2254
-794
-693
1247
994
-404
-172
1052
248
1515
-782
1896
99
1482
-458
1868
684
1940
282
-97
3606
1794
780
1458
2662
742
3244
320
1101
3221
3785
-1101
2830
3284
465
1180
2324
1273
2265
2014
523
1966
1811
92
313
3772
1083
839
928
1735
2488
-759
1311
2907
1539
457
680
1570
1453
867
-628
1645
2466
618
-1172
3354
1505
-1118
1022
820
340
2581
-1019
89
3884
80
-1932
2173
-284
362
1826
-1077
1806
964
-430
-1396
618
281
35
-546
546
898
-379
-1744
-835
-680
-1682
-1219
-801
-688
270
-3256
-1008
-187
-2308
-2943
-800
-978
-1015
-1691
-2380
-1278
-678
-3227
-2826
-1209
-653
-2957
-2896
-440
-2791
-2942
-1969
-2852
-3952
-678
-4352
-3933
-897
-2732
-4333
-2509
-992
-5078
-3200
-1719
-4091
-1196
-4185
-4461
-1659
-1203
-5675
-3554
-1054
-4140
-2547
-2754
-2915
-3492
-602
-4627
-2789
-1254
-3197
-3223
-1159
-379
-4707
-2093
884
-3274
-438
-1647
-1799
-184
848
-4040
-712
2958
-1542
-2457
956
1163
-1787
675
-1026
-745
2839
-76
-2134
994
2746
-759
84
1781
1543
954
1023
2395
-738
3496
2276
-1800
2916
2341
-366
1369
2807
-3
2568
1442
888
1287
2648
2414
416
2592
2305
1897
2405
2054
495
2581
2615
-129
1415
3114
1428
871
2627
1590
1021
2036
464
1368
3233
2130
431
2090
2124
1840
-579
522
3509
441
2380
1433
-520
2829
1501
-517
388
2768
304
967
1208
2561
-907
1488
1968
-787
1447
1148
-316
1289
1771
-1369
127
907
840
-573
-41
912
-675
323
686
-1304
1019
441
499
56
-70
184
-6
-368
21
1466
-2352
2135
1026
-1318
-538
412
-760
-99
1454
-2191
203
1523
-1216
-2401
2103
222
-1793
761
263
-68
-636
-472
-659
931
554
-2241
-441
1363
-213
-1504
1148
74
202
355
-805
-402
1252
-335
-412
581
713
-723
-516
-217
-107
-23
561
472
-618
-9
-564
-1
1081
-759
-1115
1982
912
-854
335
266
-375
1346
285
-1208
1151
970
657
1290
-108
570
1573
278
1384
-234
1261
2002
295
1971
550
-496
2712
2050
32
1248
1144
2077
1435
-154
1619
2910
1252
-284
978
985
1868
524
757
1989
957
1328
18
-3
1058
362
165
1371
789
-23
-487
2027
252
-858
1245
-781
725
797
-434
-506
688
35
-396
-570
-694
-976
338
501
-1807
508
712
-876
-167
-2233
-1865
183
-193
-1380
261
126
-565
-1265
-1739
-688
-1351
-916
-191
-368
-1272
-73
-1366
-2391
-390
-913
-3066
-792
348
-2041
-1663
-308
-3551
-862
233
-3761
-2575
480
-1597
-3475
-1395
-3612
-2276
-1566
-3254
-3606
-440
-2553
-3439
-1351
-3098
-1555
-1890
-2735
-2497
-799
-3002
-2164
-688
-2304
-2083
-769
-1497
-3058
-1195
-1491
-2479
-1053
-1746
-1673
-1563
-1243
-2253
-1481
-1309
-1659
-1302
-856
-838
-2314
-1348
-332
-2182
-2121
-734
-1654
-839
-622
-1895
-1515
642
-979
-2058
397
-209
-1341
-369
-629
-1530
1346
-988
-2742
617
815
-708
-789
-412
19
766
-927
-1707
-59
1253
-249
-54
-685
186
673
-262
-34
-245
689
1101
661
325
836
353
1729
56
187
763
521
1281
1718
-570
899
3017
-342
649
1509
525
1657
2861
496
1162
2456
2010
1086
1477
529
1924
2038
1383
125
2400
1628
1858
724
401
2030
1165
1418
128
932
1711
1211
-417
1238
737
-427
-145
134
359
704
-460
-531
1071
1403
-92
-931
1297
2364
-321
933
1431
539
1272
971
12
586
1788
852
679
937
856
330
526
1124
22
640
200
824
-17
-25
900
112
439
328
-104
687
-236
-217
1969
871
-182
1589
281
713
624
25
-182
881
805
-270
862
-17
530
-832
328
-92
118
418
110
695
702
499
160
769
-5
934
-107
-346
1473
1296
330
-466
1217
1491
866
630
326
1147
2277
841
-213
626
410
2364
415
-531
289
1282
807
129
-602
285
1232
306
-309
-535
175
215
925
-705
1071
177
-300
791
206
-500
-75
693
-819
1200
563
-789
-50
980
-344
-2
-241
-482
1643
795
-490
502
894
-401
1006
625
33
1347
1595
2431
2595
2641
509
1316
617
627
-290
784
2117
1410
544
94
204
-985
-536
-1152
348
2279
740
515
1867
184
187
762
26
787
2220
788
1356
779
795
425
211
-535
-231
866
309
-250
-153
673
204
-674
-457
-269
-369
-307
-697
-1225
-1642
-1619
-2256
-3100
-2880
-3097
-2642
-3138
-4573
-3581
-3167
-4079
-3845
-3555
-4055
-3591
-2951
-3018
-2485
-3079
-2918
-3310
-2498
-3170
-3366
-1710
-1797
-2627
-1650
-1377
-2333
-1486
-1958
-2180
-986
-912
-1652
-1122
-1125
-1414
-799
-1322
-1794
-555
-1061
-1834
-1244
-625
-1953
-1214
-1150
-2349
-806
-455
-1825
-1137
134
-474
207
712
-157
-432
1023
569
-811
588
794
648
527
462
-107
449
187
-511
898
887
-349
-15
1991
46
-626
710
30
528
1585
500
-206
894
-145
-1
817
-298
-1441
575
1139
-710
-561
-132
309
-50
-863
-1245
-271
716
222
35
496
210
-50
680
486
-465
718
1130
94
859
500
-473
-187
-568
-486
-77
34
-277
-32
278
-782
-1232
-393
-350
-72
352
66
258
872
545
-304
644
-110
-775
633
371
-1155
-501
-135
-511
-128
-468
-905
577
601
-358
142
195
14
122
52
136
596
132
549
646
68
-130
561
32
49
822
308
471
614
-304
312
668
-110
-112
103
299
118
-463
-493
-95
-257
-84
-507
-630
-44
84
-259
-3
-473
-341
446
203
-277
30
262
140
399
190
-28
215
460
6
-437
707
896
405
274
682
1087
299
429
881
1064
989
756
353
1301
857
944
414
664
1311
1070
713
1518
1400
836
1539
1124
1487
1763
1242
744
1694
1066
1715
1289
1150
1173
1210
468
349
561
94
752
863
144
-4
509
-1
46
-362
-123
-23
155
-186
-473
-410
-558
-830
-928
-1010
-842
-319
-357
-1261
-619
-195
-1103
-1106
-775
-890
-59
-369
-1495
-685
61
-1202
-874
-1101
-1528
-457
-923
-1616
-622
-668
-910
-949
-1344
-1429
-1107
-301
-960
-416
-564
-718
-795
-737
-946
-641
-541
54
175
-841
-366
-384
-745
-659
-807
-947
-177
-659
-1190
-661
-680
-636
-353
-399
-803
-530
-788
-795
-1017
-843
-825
-873
-803
-829
-869
-371
-372
26
-254
-560
-118
269
-12
-65
-397
254
552
-205
106
349
1022
539
942
1026
425
696
1313
607
661
1118
1254
1308
861
534
1537
1364
847
1160
826
1416
1300
712
1027
1243
1216
929
721
597
796
1187
665
938
938
1157
1286
1137
891
1000
1293
1232
1709
1328
1244
1683
1691
1270
1224
1446
1800
1811
1281
1407
1689
955
932
1050
902
1033
832
792
573
853
724
742
122
-112
368
155
49
-139
-127
82
192
-215
-435
-249
-544
-349
-508
-393
155
149
135
120
367
14
89
456
693
692
300
619
937
398
686
513
466
1134
1266
665
810
670
556
385
319
625
459
704
557
-73
260
606
-51
426
268
454
969
231
-321
694
679
-67
-76
-418
-259
294
-70
-617
218
-40
-499
-614
-534
-377
-314
-489
-512
-513
-1228
-1044
-1058
-1504
-1032
-999
-1682
-1172
-858
-1447
-1904
-1416
-773
-1285
-1236
-890
-1066
-398
-1030
-1981
-1382
-641
-1652
-1420
-982
-1172
-907
-1052
-1730
-1315
-715
-938
-839
-634
-556
-377
253
-504
-277
325
384
141
281
229
149
807
296
61
111
545
177
424
632
617
566
584
806
687
779
514
860
674
916
768
350
722
742
623
783
1042
684
889
885
554
487
874
467
349
709
636
152
455
233
-251
259
-3
-301
-144
506
-138
-154
-93
-393
-433
-92
-214
-134
-285
92
268
84
-10
-43
-23
166
-153
-416
-83
25
-69
-126
-286
-245
95
-47
-106
-409
-18
-422
-249
-469
-615
-446
-275
-511
-800
-669
-783
-1001
-1020
-612
-729
-726
-864
-1088
-956
-529
-685
-776
-378
-686
-623
-647
-810
-848
-850
-715
-868
-731
-1155
-903
-841
-1011
-1000
-708
-680
-635
-548
-294
-418
-295
-17
-460
-206
-197
-540
-437
215
-297
-134
219
-143
-155
217
0
-188
189
69
-82
137
101
-204
54
199
-187
-217
-93
-356
-327
73
12
-422
-60
225
-151
-452
-422
-307
-256
-254
-301
-202
-179
67
-170
174
430
212
496
909
715
847
1085
880
1208
1771
1302
1421
1803
1828
1908
1951
1616
1860
2698
2218
2252
2490
2387
2486
2602
2461
2163
2777
2797
2759
2648
2432
2648
2514
2396
2552
2139
2095
2288
2560
2371
2153
2633
2559
2563
2517
2267
2282
2800
2825
2603
2684
2751
2650
2513
2561
2329
2148
2168
1878
1837
1873
1670
1180
1268
1269
1003
883
542
658
802
915
661
456
389
566
309
41
-196
-136
202
-10
-369
-441
-712
-698
-999
-1089
-1137
-1052
-1227
-1350
-1422
-1380
-1328
-1421
-1334
-1390
-1270
-1705
-1690
-1503
-1784
-1711
-1631
-1972
-1870
-1482
-1653
-1762
-1618
-2057
-1995
-1887
-2113
-1952
-1873
-2004
-2435
-2701
-2692
-2541
-2564
-2764
-2233
-2400
-2322
-2140
-2556
-2429
-1981
-1956
-2408
-2138
-2152
-1929
-2009
-1898
-2013
-1942
-1724
-2144
-1682
-1413
-1482
-1157
-1117
-1395
-1329
-929
-1170
-1203
-876
-1132
-1112
-1007
-1212
-1432
-1087
-1131
-711
-546
-728
-790
-871
-537
-215
-215
-212
415
401
-92
169
274
37
309
39
165
380
351
120
131
386
354
219
390
523
377
309
228
546
699
500
464
397
351
265
-65
413
262
72
543
529
557
533
459
497
775
573
281
246
539
432
405
703
487
731
844
678
609
661
751
642
509
387
-60
206
202
156
25
-217
-193
-28
98
-380
-500
-277
-460
-448
-430
-1090
-830
-603
-1150
-1520
-1456
-1373
-1497
-1188
-1279
-1341
-1054
-1149
-1105
-1457
-1278
-1189
-1111
-869
-976
-1229
-1127
-1198
-1546
-1452
-1374
-1460
-1558
-1398
-1504
-1473
-1215
-1269
-987
-825
-884
-843
-886
-663
-790
-527
-552
-749
-491
-408
-293
-362
-492
-425
-291
-306
-245
-287
-302
-244
-65
3
47
311
352
446
193
280
323
421
343
6
151
312
500
365
449
533
867
764
849
905
886
1086
935
1096
1340
1310
1083
1208
942
641
691
1001
515
774
859
820
981
971
847
845
1346
1087
1077
1159
1119
1289
1479
1442
1312
1753
1672
1635
1932
1918
1800
1941
1990
1609
1581
1627
1594
1558
1555
1392
1219
1538
1613
1525
1539
1777
1668
1830
1643
1563
2048
1992
1876
1758
1816
1837
1951
1537
1421
1726
1807
1653
1537
1485
1407
1261
1031
852
918
790
652
772
591
770
738
867
862
954
891
935
924
620
692
663
928
792
645
713
585
658
626
586
585
596
451
430
208
26
82
-4
-59
-112
-99
-129
-208
-555
-508
-582
-716
-676
-702
-652
-564
-725
-703
-590
-747
-735
-690
-767
-914
-1017
-1151
-1253
-1300
-1593
-1848
-1787
-1591
-1811
-1633
-1752
-1663
-1599
-1901
-1853
-2022
-1930
-1792
-2083
-2272
-2037
-1885
-1757
-1895
-1707
-1552
-2028
-1751
-1833
-1886
-1864
-1824
-1761
-1655
-1624
-1912
-1758
-1633
-1665
-1785
-1690
-1907
-1881
-1753
-1942
-1841
-1542
-1413
-1375
-1246
-868
-596
-683
-478
-410
-437
-356
-409
-699
-564
-625
-493
-483
-726
-579
-204
-263
-338
-476
-219
-86
-379
-563
-450
-589
-531
-604
-607
-382
-305
-283
-218
102
130
329
381
239
429
605
472
506
355
280
339
438
440
547
655
376
357
558
549
773
750
858
968
882
964
1051
1134
1083
1128
1027
1266
1094
959
945
851
891
1051
896
593
770
709
441
511
598
397
365
390
356
141
149
244
106
167
111
1
187
-166
-150
-152
-384
-208
-1
-352
-443
-321
-454
-496
-564
-582
-476
-459
-542
-665
-717
-770
-831
-1039
-952
-827
-1012
-968
-1017
-1117
-1087
-1123
-1027
-883
-608
-447
-587
-483
-489
-708
-482
-730
-976
-707
-833
-895
-860
-953
-1107
-1120
-963
-967
-994
-745
-824
-891
-772
-616
-761
-485
-349
-339
-212
-315
-205
-106
-41
-115
-62
-29
-31
109
126
234
313
264
317
422
588
888
1038
1032
1069
1176
1404
1300
1022
917
983
1067
973
1124
1335
1338
1389
1091
1230
1212
1202
1174
1040
1041
993
1012
813
855
873
809
880
885
911
1137
1199
963
841
835
848
765
794
865
641
486
728
723
700
725
681
651
791
516
448
505
357
365
439
278
43
89
-59
81
160
90
